projectPosts/joymap/data/rawData/glp05ag30.asc
ncols         720
nrows         286
xllcorner     -180
yllcorner     -58
cellsize      0.5000000000004
NODATA_value  -9999
[rows 0 to 41 of 286, columns 480 to 575 of 720]
0 0 0 0 0 0 0 0 0 0 0 0 0 0 0 0 0 0 0 0 0 0 0 0 0 0 0 0 0 0 0 0 0 0 0 0 0 0 0 0 0 0 0 0 0 0 0 0 0 0 0 0 0 0 0 0 0 0 0 0 0 0 0 0 0 0 0 0 0 0 0 0 0 0 0 0 0 0 0 0 0 0 0 0 0 0 0 0 0 0 0 0 0 0 0 0
0 0 0 0 0 0 0 0 0 0 0 0 0 0 0 0 0 0 0 0 0 0 0 0 0 0 0 0 0 0 0 0 0 0 0 0 0 0 0 0 0 0 0 0 0 0 0 0 0 0 0 0 0 0 0 0 0 0 0 0 0 0 0 0 0 0 0 0 0 0 0 0 0 0 0 0 0 0 0 0 0 0 0 0 0 0 0 0 0 0 0 0 0 0 0 0
0 0 0 0 0 0 0 0 0 0 0 0 0 0 0 0 0 0 0 0 0 0 0 0 0 0 0 0 0 0 0 0 0 0 0 0 0 0 0 0 0 0 0 0 0 0 0 0 0 0 0 0 0 0 0 0 0 0 0 0 0 0 0 0 0 0 0 0 0 0 0 0 0 0 0 0 0 0 0 0 0 0 0 0 0 0 0 0 0 0 0 0 0 0 0 0
0 0 0 0 0 0 0 0 0 0 0 0 0 0 0 0 0 0 0 0 0 0 0 0 0 0 0 0 0 0 0 0 0 0 0 0 0 0 0 0 0 0 0 0 0 0 0 0 0 0 0 0 0 0 0 0 0 0 0 0 0 0 0 0 0 0 0 0 0 0 0 0 0 0 0 0 0 0 0 0 0 0 0 0 0 0 0 0 0 0 0 0 0 0 0 0
0 0 0 0 0 0 0 0 0 0 0 0 0 0 0 0 0 0 0 0 0 0 0 0 0 0 0 0 0 0 0 0 0 0 0 0 0 0 0 0 0 0 0 0 0 0 0 0 0 0 0 0 0 0 0 0 0 0 0 0 0 0 0 0 0 0 0 0 0 0 0 0 0 0 0 0 0 0 0 0 0 0 0 0 0 0 0 0 0 0 0 0 0 0 0 0
0 0 0 0 0 0 0 0 0 0 0 0 0 0 0 0 0 0 0 0 0 0 0 0 0 0 0 0 0 0 0 0 0 0 0 0 0 0 0 0 0 0 0 0 0 0 0 0 0 0 0 0 0 0 0 0 0 0 0 0 0 0 0 0 0 0 0 0 0 0 0 0 0 0 0 0 0 0 0 0 0 0 0 0 0 0 0 0 0 0 0 0 0 0 0 0
0 0 0 0.7968353 2.366496 4.277913 5.989691 2.729913 0 0 0 0 0 0 0 0 0 0 0 0 0 0 0 0 0 0 0 0 0 0 0 0 0 0 0 0 0 0 0 0 0 0 0 0 0 0 0 0 0 0 0 0 0 0 0 0 0 0 0 0 0 0 0 0 0 0 0 0 0 0 0 0 0 0 0 0 0 0 0 0 0 0 0 0 0 0 0 0 0 0 0 0 0 0 0 0
3.086537 3.825817 5.256266 0.7285237 0 0 0 0 5.218409 8.731397 4.447364 0 0 0 0 0 0 0 0 0 0 0 0 0 0 0 0 0 0 0 0 0 0 0 0 0 0 0 0 0 0 0 0 0 0 0 0 0 0 0 0 0 0 0 0 0 0 0 0 0 0.6332517 1.08642 1.093926 0.2343154 0 0 0.01783683 0.06173315 0.3437105 0.6311674 1.355622 1.681346 0.8230467 0.05217598 0 0 0 0 0 0 0 0 0 0 0 0 0 0 0 0 0 0 0 0 0 0
18.09527 20.09875 19.1783 15.86193 4.096064 5.401924 14.13332 13.62405 14.25702 12.36506 5.266688 0 0 0 0 0 0 0 0 0 0 0 0 0 0 0 0 0 0 0 0 0 0 0 0 0 0 0 0.5484735 0.9279348 0.5435547 0 0 0 0 0 0 0 0 0 0 0 0 0 0 0 0 0 0 0 0 0 0 0 0.00113628 0.632512 2.64267 3.435951 3.529885 3.529885 3.529885 3.529885 3.529885 3.15579 1.885992 0.9494684 0.009945737 0 0 0 0 0 0 0 0 0 0 0 0 0 0 0 0 0 0 0
4.508077 5.900391 5.45456 0.5171659 0 0 0 0 0 0 0 0 0 0 0 0 0 0 0 0 0 0 0 0 0 0 0 0 0 0 0 0 0 0 0 0 0 0 0 0 0 0 0 0 0 0 0 0 0 0 0 0 0 0 0 0 0 0 0 0 0 5.409204e-05 0.3372537 0.9526917 1.606892 2.463642 3.198344 3.613653 3.428588 2.916544 3.032136 2.959569 2.915413 2.988997 2.372526 0.9936267 0.1014006 0.3846534 0.2984459 0 0 0 0 0 0 0 0 0 0 0 0 0 0 0 0 0
0.1737952 0 0 0 0 0 0 0 0 0 0 0 0 0 0 0 0 0 0 0 0 0 0 0 0 0 0 0 0 0 0 0 0.5072415 0.7420695 0.3836437 0.03374976 0 0 0 0 0 0 0 0 0 0 0 0 0 0 0 0 0 0 0 0 0 0 0 0 0 0.08363132 0.698814 1.893619 2.018223 2.429127 2.171292 1.38414 2.40659 3.636883 3.907907 3.907907 3.906677 3.699758 3.489187 3.195044 2.969765 3.818611 3.891793 3.079836 0.3939592 0 0 0 0 0 0 0 0 0 0 0 0 0 0 0
0 0 0 0 0 0 0 0 0 0 0 0 0 0 0 0 0 0 0 0 0 0 0 0 0 0 0 0 0 0 0 0 0 0.1177036 0.1790915 0.0258169 0 0 0 0 0 0 0 0 0 0 0 0 0 0 0 0 0 0 0 0 0 0 0 0 0 0 0.01025488 0.09816358 0.2469539 0.282929 0.1965224 0.1296847 0.4902838 3.073699 3.650679 3.766881 4.077782 4.089951 4.0964 4.0964 4.0964 4.0964 3.848993 2.42238 0.08351056 0 0.7742597 2.351868 2.46159 2.445972 0.6765772 1.08703 0.1536371 0 0 0 0 0 0 0
0 0 0 0 0 0 0 0 0 0 0 0 0 0 0 0 0 0 0 0 0 0 0 0 0 0 0 0 0 0 0 0 0 0 0 0 0 0 0 0 0 0 0 0 0 0 0 0 0 0 0 0 0 0 0 0 0 0 0 0 0 0 0 0 0 0 0 0 0 0 0 0.01431961 0.08439694 0.07177304 0.9674856 1.543301 1.694498 1.79415 1.604739 1.09104 0.36205 2.387411 4.072959 4.251838 4.243685 3.672849 4.284568 4.284568 4.033807 2.822764 1.687657 0 0 0 0 0
0 0 0 0 0 0 0 0 0 0 0 0 0 0 0 0 0 0 0 0 0 0 0 0 0 0 0 0 0 0 0 0 0 0 0 0 0 0 0 0 0 0 0 0 0 0 0 0 0 0 0 0 0 0 0 0 0 0 0 0 0 0 0 0 0 0 0 0.1106044 0 0 0 0 0 0 0 0 0 0.01178569 0.0007424691 1.497113 3.745076 3.866663 3.054293 2.732747 2.683501 2.750059 2.468289 2.21982 1.745808 1.572333 0.4629005 0 0.4129609 0.9161899 0.7868471 0.4580372
0 0 0 0 0 0 0 0 0 0 0 0 0 0 0 0 0 0 0 0 0 0 0 0 0 0 0 0 0 0 0 0 0 0 0 0 0 0 0 0 0 0 0 0 0.08275919 0.0207901 0 0 0 0 0 0 0 0 0 0 0 0 0 0 0 0 0 0.1201808 0.05149643 0 0 0 0 0 0 0 0 0 0 0 0 0 0 0.382738 0.2263326 0 0.03174955 0.05013564 0 0.1607017 1.033376 1.413089 1.955385 1.488042 0.6680175 0.4566151 0.01558617 0 0 0
0 0 0 0 0 0 0 0 0 0 0 0 0 0 0 0.0220832 0 0 0 0 0 0 0 0 0 0 0 0 0 0 0 0 0 0 0 0 0 0 0 0 0 0 0 0 0.07553482 0.05179721 0 0 0 0 0 0 0 0 0 0 0 0.3749351 0.5726287 0.4861147 0.08777112 0.06360637 0 0 0 0 0 0 0 0 0.04285728 0.6433569 1.213502 0.09402258 0 0 0 0 0 0 0.03651765 0.004353047 0.3242334 2.146728 3.492313 4.696045 4.846988 4.846988 4.721573 4.18227 3.680043 2.328405 0.7043757 0.575381 0.3765608 0.354096
0 0 0 0 0 0 0 0 0 0 0.9770926 5.237217 19.60886 27.13248 32.06748 35.41661 33.72243 21.35015 0.145548 0 0 0 0 0 0 0 0 0 0 0 0 0 0 0 0 0 0 0 0 0 0 0 0 0 0 0 0 0 0 0 0 0 0 0 0 0 0 0.02597872 0.01637844 0.007228081 0 0 0 0 0 0 0 0.02339038 0.3435518 0.3394956 0.5789475 0.9278302 1.02173 0.08058634 0.4122109 0.3677555 0.01835566 0 0 0 0.02000527 0.07996875 3.687427 5.033738 5.033738 5.033738 5.033738 5.033738 5.033738 5.033738 5.030282 4.87709 5.010643 3.797081 1.650868 0.4203047
7.622438 4.600895 18.59417 20.56203 17.85536 16.21221 18.05799 23.29922 24.47905 31.57254 35.69884 36.99083 36.99083 34.08984 28.91525 22.21818 15.10096 2.364944 0 0 0 0 0 0 0 0 0 0 0 0 0 0 0 0 0 0 0 0 0 0 0 0 0 0 0 0 0 0 0 0 0 0 0 0 0 0 0 0 0 0 0 0 0 0.02990698 0.01310439 0.038681 0.5720041 0.7323681 1.208537 1.703773 1.839083 2.536609 1.602888 1.126672 0.612092 0.4488326 1.462394 2.372147 3.260767 4.091234 4.742904 5.019126 5.220099 5.220099 5.220099 5.220099 5.857083 7.640182 8.222909 8.645917 9.067598 9.487952 9.906604 9.785873 10.07254 10.05787
36.47832 37.81211 38.30865 38.30865 38.30865 36.96509 31.16451 25.33515 21.57356 17.56709 12.82495 6.799177 2.687207 0.02460037 0 0 0 0 0 0 0 0 0 0 0 0 0 0 0 0 0 0 0 0 0 0 0 0 0 0 0 0 0 0.3284961 0.2892577 0.4164651 0.2201549 0 0 0 0 0 0 0 0 0.01459111 0.02578374 0.02119056 0.04523406 0.08429265 0.8399526 1.348565 1.499105 2.09162 2.582638 3.461937 4.304239 5.033359 5.327356 5.406066 5.406066 4.990035 4.944905 4.646484 5.055529 5.250337 5.406066 5.406066 5.406066 5.406066 5.406066 5.416091 5.927131 6.714513 7.497777 8.911333 10.40461 10.45799 10.45799 10.45799 10.45799 10.45799 10.45799 10.45799 10.45799 10.45799
39.14251 32.82712 21.26834 13.01626 4.118691 0.2273725 0 0 0 0 0 0 0 0 0 0 0 0 0 0 0 0 0 0 0 0 0 0 0 0 0 0 0 0 0 0 0 0 0 0 0 0 0 1.167685 1.146897 0 0 0 0 0 0 0 0.03602904 0.1324323 0.9908897 1.166502 1.963528 3.803941 5.048192 5.24418 5.587452 5.591616 5.591616 5.591616 5.591616 5.591616 5.591616 5.591616 5.591616 5.591616 5.591616 5.591616 5.591616 5.591616 5.591616 5.591616 5.591616 5.591616 5.591616 6.371758 9.314276 10.53646 10.81693 10.81693 10.81693 10.81693 10.81693 10.81693 10.81693 10.81693 10.81693 10.81693 10.81693 10.81693 10.81693 10.81693
14.89763 1.931302 0 0 0 0 0 0 0 0 0 0 0 0 0 0 0 0 0 0 0 0 0 0 0 0 0 0 0 0 0 0 0 0 0 0 0 0 0.4502764 0.0729844 0 0 0 0 0 0 0 0 0.03572698 0.159183 0.9153764 1.631523 2.585452 3.610906 5.048522 5.555521 5.776743 5.776743 5.776743 5.776743 5.776743 5.776743 5.776743 5.776743 5.776743 5.776743 5.776743 5.776743 5.776743 5.776743 5.776743 5.776743 5.776743 5.776743 5.776743 5.776743 5.776743 5.776743 5.776743 5.776743 6.177184 11.14601 11.17506 11.17506 11.17506 11.17506 11.17506 11.17506 11.17506 11.17506 11.17506 11.17506 11.17506 11.17506 11.17506 11.17506
0 0 0 0 0 0 0 0 0 0 0 0 0 0 0 0 0 0 0 0 0 0 0 0 0 0 0 0 0 0 0 0 0 0 0 0 0 0 0 0 0 0 0 0 0.06898734 0.6130109 0.6609206 0.1593725 0.1324704 0.5299867 0.6855671 0.7209522 1.847637 3.801783 5.367325 5.961424 5.961424 5.961424 5.961424 5.961424 5.961424 5.961424 5.961424 5.961424 5.961424 5.961424 5.961424 5.961424 5.961424 5.961424 5.961424 5.961424 5.961424 5.961424 5.961424 6.07263 6.905047 6.975652 7.063896 8.578625 10.49311 11.53024 11.53232 11.53232 11.53232 11.53232 11.53232 11.53232 11.53232 11.53232 11.53232 11.53232 11.53232 11.53232 11.53232 11.53232
0 0 0 0 0 0 0 0 0 0 0 0 0 0 0 0 0 0 0 0 0 0 0 0 0 0 0 0 0 0 0 2.755025 1.194689 0 0 0 0 0 0 0 0.09247153 0.5636905 0.8981132 1.443422 1.604956 1.683683 1.638226 1.951483 2.695092 2.990756 2.514574 3.78373 4.591196 5.039236 5.765323 6.145652 6.145652 6.145652 6.145652 6.145652 6.145652 6.145652 6.145652 6.145652 6.145652 6.145652 6.145652 6.145652 6.145652 6.145652 6.145652 6.145652 7.01313 8.804813 10.44582 11.66193 11.8887 11.8887 11.8887 11.8887 11.8887 11.8887 11.8887 11.8887 11.8887 11.8887 11.8887 11.8887 11.8887 11.8887 11.8887 11.8887 11.38996 10.96909 9.193417 8.848003
0 0 0 0 0 0 0 0 0 0 0 0 0 0 0 0 0 0 0 2.277565 50.26305 49.47417 34.52896 3.720303 0 0 0 0 10.93497 5.798408 1.322423 7.293576 7.826931 3.286831 0 0 0 0.0902025 0.602496 0 0.4277495 4.860133 6.329417 6.329417 6.329417 6.329417 6.329417 6.329417 6.329417 6.329417 6.329417 6.329417 6.329417 6.329417 6.329417 6.374378 18.92361 37.6015 41.92039 44.75612 47.58994 50.20234 18.02887 10.22142 9.456635 8.157001 8.190455 8.679712 7.934103 7.192204 7.344458 8.606697 12.21933 12.2442 12.2442 12.2442 12.2442 12.2442 12.2442 12.2442 12.2442 12.2442 12.2442 12.2442 12.2442 12.2442 12.2442 12.2442 12.2442 12.2442 12.2442 11.74516 7.774979 7.075982 3.712751 3.938218
0 0 0 0 0 0 0 0 0 0 0 0 0 0 0 0 0 3.90169 43.99253 49.92201 48.4955 48.44243 49.24576 45.30632 36.96247 15.25719 0 0 10.40197 15.89482 39.24192 1.836095 0 0 2.399642 13.77305 4.964195 1.703304 3.53525 0.06869892 0 2.465033 6.512709 6.512709 6.512709 6.512709 6.512709 6.512709 6.512709 6.512709 6.512709 49.203 101.8851 100.4341 100.9218 119.0894 128.9302 128.9302 128.9302 128.9302 128.9302 128.9302 117.8347 46.79378 12.59876 12.59876 12.59876 12.59876 12.59876 12.59876 12.59876 12.59876 12.59876 12.59876 12.59876 12.59876 12.59876 12.59876 12.59876 12.59876 12.59876 12.59876 12.59876 12.59876 12.59876 12.59876 12.59876 12.59876 12.59876 12.59876 12.00565 10.12803 11.95669 12.59876 12.59876 12.59876
0 0 0 0 0 0 0 0 0 0 0 0 0 0 0 0 0 34.74223 66.34215 66.34215 66.34215 66.34215 66.34215 66.34215 66.34215 28.19767 0 0 0 10.45944 66.96436 7.346934 0.4242928 10.597 28.73544 52.01241 57.55685 33.06856 17.90627 11.63988 6.641114 1.974095 1.876018 2.368228 5.25964 15.42751 18.37631 19.4966 15.72817 18.18774 15.93122 18.78025 56.39733 40.37098 34.01822 47.77914 62.09251 83.72663 132.2486 132.6017 132.6017 132.6017 132.6017 129.8704 85.55122 59.4659 14.48656 12.95753 12.95753 12.95753 12.95753 12.95753 12.95753 12.95753 12.95753 12.95753 12.95753 12.95753 12.95753 12.95753 12.95753 12.95753 12.95753 12.95753 12.95753 12.95753 12.95753 12.95753 12.95753 12.95753 12.95753 12.95753 12.95753 12.95753 12.95753 12.95753
0 0 0 0 0 0 0 0 0 0 0 0 0 0 0 0.211424 20.46114 65.55593 68.11452 68.11452 68.11452 68.11452 68.11452 66.88065 40.69141 0.7399235 6.421896 53.54316 68.8967 78.03653 53.19901 0.01287901 41.22265 77.64609 67.66209 50.42593 69.17679 78.25018 74.91713 61.15122 31.34845 22.08741 14.26645 8.542134 9.248332 15.48079 11.67325 20.56768 22.68179 22.68179 22.68179 22.68179 22.68179 22.68179 22.68179 22.68179 22.68179 78.5976 131.8696 136.1442 136.1442 136.1442 136.1442 136.1442 136.1442 136.1442 87.60941 13.30369 13.30369 13.30369 13.30369 13.30369 13.30369 13.30369 13.30369 13.30369 13.30369 13.30369 13.30369 13.30369 13.30369 13.30369 13.30369 13.30369 13.30369 13.30369 13.30369 13.30369 13.30369 13.30369 13.30369 13.30369 13.30369 13.30369 13.30369 13.30369
0 0 0 0 0 0 0 0 0 0 0 0 0 12.00049 45.03032 63.34927 69.91619 69.91619 69.91619 69.91619 69.91619 69.91619 69.91619 65.23867 30.89927 5.157163 25.77135 68.813 80.32001 80.32001 66.97377 37.08288 28.81802 33.1777 47.76143 48.74823 58.47586 76.21179 59.99702 49.32547 36.82203 24.28324 23.28177 23.28177 17.11316 6.332352 8.891821 23.22674 23.28177 23.28177 23.28177 23.28177 23.28177 23.28177 23.28177 23.28177 63.35094 118.51 139.7453 139.7453 139.7453 139.7453 139.7453 139.7453 139.7453 139.7453 119.1035 27.2991 13.65559 13.65559 13.65559 13.65559 13.65559 13.65559 13.65559 13.65559 13.65559 13.65559 13.65559 13.65559 13.65559 13.65559 13.65559 13.65559 13.65559 13.65559 13.65559 13.65559 13.65559 13.65559 13.65559 13.65559 13.65559 13.65559 13.65559 13.65559
0 0 0 0 0 0 0 0 0 0 0 0 0.1424438 19.64499 43.3303 71.7123 71.7123 71.7123 71.7123 71.7123 71.7123 71.7123 71.7123 71.7123 71.7123 35.99315 0 6.169002 60.25056 82.38326 82.38326 78.60558 81.83196 82.38326 82.38326 80.96947 70.61468 77.29763 81.72748 82.38326 82.38326 49.27912 23.87985 23.87985 18.34057 17.52857 10.97089 19.68162 23.87985 23.87985 23.87985 23.87985 42.55801 55.30153 26.78848 23.87985 35.0231 93.8522 141.2987 143.3352 143.3352 143.3352 143.3352 143.3352 143.3352 143.3352 112.682 35.86628 14.00639 14.00639 14.00639 14.00639 14.00639 14.00639 14.00639 14.00639 14.00639 14.00639 14.00639 14.00639 14.00639 14.00639 14.00639 14.00639 14.00639 14.00639 14.00639 14.00639 14.00639 14.00639 14.00639 14.00639 14.00639 14.00639 14.00639 14.00639
2.026564 0 0 0 0 0 0 0 0 0 0 0 0 0.4297954 32.17097 73.50249 73.50249 73.50249 73.50249 73.50249 59.9318 55.69836 73.28934 73.50249 71.67234 13.19155 0 18.03557 71.33186 84.43995 84.43995 84.43995 84.43995 84.43995 84.43995 84.43995 84.43995 84.43995 75.83217 52.78183 34.50597 27.19772 24.476 23.9594 21.49352 17.28058 15.58324 22.54187 24.476 24.476 24.80545 38.56611 90.48514 146.9137 140.5208 105.2237 145.7546 146.9137 146.9137 146.9137 146.9137 146.9137 146.9137 146.9137 146.7461 137.0752 110.152 14.47501 14.35606 14.35606 14.35606 14.35606 14.35606 14.35606 14.35606 14.35606 14.35606 14.35606 14.35606 14.35606 14.35606 14.35606 14.35606 14.35606 14.35606 14.35606 14.35606 14.35606 14.35606 14.35606 14.35606 14.35606 14.35606 14.35606 14.35606 14.35606
37.80944 27.49831 34.12933 28.00383 25.03847 23.18868 17.68308 9.942655 1.574824 0 0 0 0 19.37743 55.11036 69.32011 74.66012 74.34574 73.08725 75.28709 68.58684 66.77692 73.71448 75.28709 75.24014 15.64878 0 57.22387 86.49007 86.49007 86.49007 86.49007 86.49007 86.49007 86.49007 86.49007 86.49007 84.60902 44.77701 27.07447 25.07021 25.07021 25.07021 25.07021 25.07021 24.79538 22.2851 20.73883 20.92476 37.62225 130.1122 131.863 150.4804 150.4804 143.5542 80.29463 143.8825 150.4804 150.4804 144.5148 134.0005 145.6776 150.4804 123.3961 20.21292 14.70459 14.70459 14.70459 14.70459 14.70459 14.70459 14.70459 14.70459 14.51956 13.93375 13.33659 13.01759 13.16567 12.69655 12.42702 13.13428 13.90952 14.03376 14.19375 14.66178 14.70459 14.70459 14.70459 14.70459 14.70459 14.70459 14.70459 14.65073 14.19135 13.65817 13.08551
4.934727 37.87318 55.13694 55.13694 55.13694 55.13694 55.13694 55.13694 53.61712 33.78382 26.40925 13.72528 3.270683 0.6631155 9.894223 0.8135478 48.81038 76.79546 73.0926 77.06557 73.55045 77.06557 77.06557 77.06557 72.96883 10.84982 0 20.92291 65.28461 67.08688 56.42861 42.49359 53.72746 71.36749 88.42361 88.53316 88.53316 88.53316 88.53316 77.22091 60.32614 52.39888 51.18857 61.25466 45.44948 27.89203 25.66247 25.66247 25.66247 113.1215 154.0354 133.8761 137.5271 154.0354 154.0354 150.6139 271192.2 148.576 126.6413 139.0025 145.891 139.7236 138.328 143.9604 93.53728 31.78305 15.07385 14.40456 14.33734 14.68002 13.46658 12.81954 12.21454 11.79718 11.78321 11.78321 11.78321 11.78321 11.78321 11.78321 11.78321 11.78321 11.78321 11.78321 11.96824 12.5536 12.44805 13.12938 12.62536 12.28837 12.65784 12.52342 10.76885 8.81828 8.767232 8.767232
20.20581 35.67599 55.15786 56.40512 56.40512 56.40512 56.40512 56.40512 56.24622 58.74066 62.17984 67.76717 65.33243 51.43702 30.99021 4.265589 0.4385518 18.49816 75.07409 78.83817 78.83817 78.83817 78.83817 78.83817 75.51675 53.36814 24.90528 0.9754617 7.340999 103.5615 137.4239 165.6306 271.4187 161.0922 27.69451 58.12764 90.56955 90.56955 90.56955 90.56955 90.56955 90.56955 90.56955 90.56955 90.56955 68.20492 42.17287 33.15094 54.06203 140.4466 157.5782 141.8956 141.741 157.5782 157.5782 157.5782 157.5782 157.5782 157.5782 138.5637 136.0464 143.4056 146.0019 145.9265 151.7213 157.5782 147.8382 126.441 34.63802 12.97977 12.05423 12.05423 12.05423 12.05423 12.05423 12.05423 12.05423 12.05423 12.05423 12.05423 12.05423 12.05423 12.05423 12.05423 11.78248 12.05423 12.05423 12.05423 12.05423 12.05423 12.05423 12.05423 12.05423 11.02628 8.96889 8.96889
57.66894 57.66894 57.66894 57.66894 57.66894 57.66894 57.66894 228.557 3061.518 5774.81 4677.141 70.33443 70.49892 70.49892 70.49892 66.74178 41.15439 68.76243 80.60462 80.60462 80.60462 78.69404 74.35706 80.27509 80.60462 80.60462 37.68638 1.511702 17.53774 142.1257 208.8714 306.996 320.6294 321.8073 143.9274 42.63563 88.28682 92.59887 92.59887 92.59887 92.59887 92.59887 92.59887 92.59887 92.77592 113.5229 149.4639 161.109 161.109 161.109 161.109 200.7636 254.8903 150.9815 159.0912 126.7412 136.2334 132.8261 153.1126 140.5699 129.999 136.2266 140.2857 148.4643 148.7162 102.5777 48.36359 58.95444 15.50893 12.32218 12.09789 12.32432 12.32432 12.32432 12.32432 12.32432 12.32432 12.32432 12.32432 12.32432 12.32432 12.32432 12.32432 12.32432 10.37519 11.93513 12.32432 12.32432 12.32432 12.32432 12.32432 12.32432 12.32432 11.37706 9.169843 9.169843
58.92831 58.92831 58.92831 58.92831 58.92831 151.5415 3596.072 6297.838 9866.046 9866.046 9407.369 7585.777 1459.635 72.03847 72.03847 72.03847 72.03847 73.10008 80.89121 82.3649 82.3649 82.33639 76.17361 72.08854 82.3649 65.16817 15.31172 0 5.399505 108.6729 187.068 187.0697 196.0317 226.6037 152.9196 92.12219 86.2854 81.76514 92.94987 94.62107 94.62107 94.62107 94.62107 95.03824 104.0774 110.7466 117.7699 142.8241 163.1569 164.6273 662.3671 1566.283 1373.839 1020.465 196.9338 102.6949 154.1342 164.6273 164.6273 164.6273 164.6273 164.6273 161.1873 120.7866 38.8198 12.59345 12.59345 12.59345 12.59125 11.83371 12.49525 11.69158 12.55503 12.59345 12.59345 12.59345 12.59345 12.59345 12.59345 12.59345 12.59345 12.59345 12.59345 12.59345 12.59345 12.59345 12.59345 12.59345 12.59345 12.59345 12.59345 12.59345 12.59345 11.32216 9.370106 9.370106
129.8538 111.1273 92.39729 981.687 3787.775 7107.77 10076.15 10076.15 10076.15 10076.15 6564.638 2899.342 121.5019 73.57253 73.57253 73.57253 73.57253 73.57253 78.05864 84.11884 84.11884 84.11884 84.11884 83.42612 42.3324 0.2721019 0 16.41509 174.5655 191.0515 191.0515 191.6445 237.9417 316.8082 332.4199 313.2256 230.8906 95.20586 91.897 93.55468 96.61858 96.63607 96.63607 96.63607 100.5078 112.3283 109.5449 99.90295 118.8485 136.7919 653.1465 1605.707 1563.622 1319.279 1448.043 1153.753 681.4341 216.1873 118.7849 119.6915 124.9558 107.8917 48.60451 13.02481 11.80306 11.22567 12.3801 12.20343 12.86162 12.86162 12.86162 12.86162 12.86162 12.86162 12.86162 12.86162 12.86162 12.86162 12.86162 12.86162 12.86162 12.86162 12.86162 12.86162 12.86162 12.86162 12.86162 12.86162 12.86162 12.86162 12.86162 12.50929 11.66412 10.3507 9.56963 9.56963
2171.706 2171.706 2171.706 2637.803 8286.79 10285.46 10285.46 8752.291 5633.985 2731.925 86.6665 75.1009 19819.84 18341.97 75.1009 75.1009 75.1009 87.51532 64.65157 63.1296 63.19875 76.05006 61.93179 16.41456 4.564109 46.89269 103.8054 171.8001 195.0206 195.0206 195.0206 250.6238 342.8137 342.8137 342.8137 342.8137 342.4995 306.6713 210.3206 98.64365 98.64365 98.64365 98.64365 83.43172 63.75967 63.22453 97.46214 115.4546 115.4546 115.4546 102.5778 1403.399 1513.568 1388.312 1467.111 164.6144 109.9988 113.6834 115.4546 105.632 50.96241 14.26738 13.12883 13.12078 13.11946 13.12883 12.67458 11.55178 12.50663 12.58692 12.49815 13.12883 13.12883 13.12883 13.12883 13.12883 13.12883 13.12883 13.12883 13.12883 13.12883 13.12883 13.12883 13.12883 13.12883 13.12883 13.12883 13.12883 13.12883 13.12883 13.12134 12.54782 42.25593 29.25246 59.17594 65.8745
2215.734 2215.734 2215.734 2215.734 2216.873 4360.202 3788.104 211.9592 126.7121 126.7121 121.6405 117.2407 84.69844 76.62352 76.62352 76.62352 76.62352 81.52209 118.3013 164.4505 141.1494 134.6657 136.006 109.283 124.6973 198.9743 198.9743 198.9743 198.9743 198.9743 198.9743 227.7777 291.1152 58920.18 349.7646 349.7646 349.7646 349.7646 315.9349 118.2492 61.01859 61.50688 63.51031 59.72984 59.15128 59.15128 69.32944 113.8714 117.7953 117.7953 117.7953 215.7543 738.1197 967.7363 323.8329 106.1874 117.158 109.1358 36.08173 29.00336 13.39503 13.39503 13.39503 13.39503 13.39503 13.39503 13.39503 13.39503 13.10168 13.39503 13.39503 13.39503 13.39503 13.39503 13.39503 13.39503 13.39503 13.39503 13.39503 13.39503 13.39503 13.39503 13.39503 13.39503 13.39503 13.39503 13.39503 13.39503 13.39503 13.39503 13.39503 13.39503 124.5166 235.012 235.012 235.012
2259.593 2259.593 2259.593 2192.182 1412.438 653.1615 129.2205 129.2205 129.2205 129.2205 119.863 129.2205 129.1287 115.2566 94.56651 78.14031 78.14031 78.14031 83.86869 149.6776 195.5858 202.9134 202.9134 202.9134 20410.67 9666.63 202.9134 202.9134 202.9134 202.9134 220.1634 289.8708 339.2176 356.6881 356.6881 356.6881 356.6881 356.6881 355.2141 231.428 72.24334 60.32222 60.32222 60.32222 60.32222 60.32222 60.32222 82.65381 100.0425 119.9101 120.1273 120.1273 120.1273 120.1273 120.1273 108.2646 110.1547 53.68056 13.32087 13.35935 13.60745 13.66016 13.35756 13.66016 13.66016 13.66016 13.66016 13.66016 13.66016 13.66016 13.66016 13.66016 13.66016 13.66016 13.66016 13.66016 13.66016 13.66016 13.66016 13.66016 13.66016 13.66016 13.66016 13.66016 13.66016 13.66016 13.66016 13.66016 13.66016 13.66016 13.66016 13.66016 29.39266 196.4763 239.6641 239.6641
2173.866 2301.936 1718.277 730.8582 474.4472 266.4616 131.7188 131.7188 131.7188 131.7188 131.7188 131.7188 131.7188 131.7188 131.0621 114.7841 97.92487 79.65124 79.65124 79.65124 86.12521 182.9157 206.8365 206.8365 206.8365 206.8365 206.8365 206.8365 206.8365 206.8365 220.6181 305.0565 363.4134 363.584 363.584 363.584 363.584 363.584 360.1021 253.5875 115.072 61.48851 61.48851 61.48851 61.48851 61.48851 61.48851 61.48851 66.38351 120.629 122.4499 122.4499 122.4499 122.4499 122.4499 109.2313 120.4674 117.2272 70.40849 13.52321 13.76542 13.92429 13.52718 13.92429 13.92429 13.92429 13.92429 13.92429 13.92429 13.92429 13.92429 13.92429 13.92429 13.92429 13.92429 13.92429 13.92429 13.92429 13.92429 13.92429 13.92429 13.92429 13.92429 13.92429 13.92429 13.92429 13.92429 13.92429 13.92429 13.92429 13.92429 14.52479 86.99948 205.7099 244.2982 244.2982
606.7291 832.7635 524.9592 524.9592 524.9592 240.5195 134.2073 134.2073 134.2073 134.2073 140.9695 160.964 145.7014 137.3953 134.2073 134.2073 121.6563 81.48175 81.15588 81.15588 109.7475 210.7441 210.7441 210.7441 210.7441 210.7441 210.7441 210.7441 210.7441 210.7441 234.2955 341.8145 370.4532 370.4532 370.4532 370.4532 370.4532 370.4532 370.4532 300.3441 62.65012 62.65012 62.65012 62.65012 62.65012 62.65012 62.65012 62.65012 63.82908 66.70712 83.39019 95.3854 124.7631 124.7631 124.1804 110.5108 124.7631 124.7631 91.76104 63.82655 33.74804 16.79448 14.01993 14.18734 14.18734 14.18734 14.18734 14.18734 14.18734 14.18734 14.18734 14.18734 14.18734 14.18734 14.18734 14.18734 14.18734 14.18734 14.18734 14.18734 14.18734 14.18734 14.18734 14.18734 14.18734 14.18734 14.18734 14.18734 14.18734 14.18734 14.18734 82.74888 240.9789 248.9077 248.9133 248.9133
534.6526 534.6526 534.6526 534.6526 534.6526 534.6212 498.9547 337.8105 399.6703 465.733 524.833 458.1293 306.8886 317.9062 199.2402 169.3775 216.8105 243.7016 294.9037 282.0232 279.1707 249.3106 214.6353 214.6353 214.6353 214.6353 214.6353 214.6353 251.7471 356.3838 377.1291 377.2939 377.2939 377.2939 377.2939 377.2939 377.2939 373.0458 348.2415 121.1274 59.28288 59.04755 63.76044 63.80699 63.80699 63.80699 63.80699 63.80699 63.80699 63.80699 63.80699 74.65302 127.067 127.067 125.9041 114.2893 127.067 127.067 127.067 127.067 127.067 117.7454 91.34957 80.29902 14.15834 14.14075 14.07025 14.14174 14.15745 14.14571 14.1886 14.36687 14.44931 14.44931 14.44931 14.44931 14.05557 14.16417 14.2021 14.00275 14.08033 14.1291 14.17427 14.44931 14.44931 14.44931 14.44931 14.44931 14.44931 14.44931 14.44931 22.71164 41.11929 40.4003 111.6952 134.4671
