projectPosts/joymap/data/rawData/glp95ag30.asc
ncols         720
nrows         286
xllcorner     -180
yllcorner     -58
cellsize      0.5000000000004
NODATA_value  -9999
[rows 0 to 41 of 286, columns 480 to 575 of 720]
0 0 0 0 0 0 0 0 0 0 0 0 0 0 0 0 0 0 0 0 0 0 0 0 0 0 0 0 0 0 0 0 0 0 0 0 0 0 0 0 0 0 0 0 0 0 0 0 0 0 0 0 0 0 0 0 0 0 0 0 0 0 0 0 0 0 0 0 0 0 0 0 0 0 0 0 0 0 0 0 0 0 0 0 0 0 0 0 0 0 0 0 0 0 0 0
0 0 0 0 0 0 0 0 0 0 0 0 0 0 0 0 0 0 0 0 0 0 0 0 0 0 0 0 0 0 0 0 0 0 0 0 0 0 0 0 0 0 0 0 0 0 0 0 0 0 0 0 0 0 0 0 0 0 0 0 0 0 0 0 0 0 0 0 0 0 0 0 0 0 0 0 0 0 0 0 0 0 0 0 0 0 0 0 0 0 0 0 0 0 0 0
0 0 0 0 0 0 0 0 0 0 0 0 0 0 0 0 0 0 0 0 0 0 0 0 0 0 0 0 0 0 0 0 0 0 0 0 0 0 0 0 0 0 0 0 0 0 0 0 0 0 0 0 0 0 0 0 0 0 0 0 0 0 0 0 0 0 0 0 0 0 0 0 0 0 0 0 0 0 0 0 0 0 0 0 0 0 0 0 0 0 0 0 0 0 0 0
0 0 0 0 0 0 0 0 0 0 0 0 0 0 0 0 0 0 0 0 0 0 0 0 0 0 0 0 0 0 0 0 0 0 0 0 0 0 0 0 0 0 0 0 0 0 0 0 0 0 0 0 0 0 0 0 0 0 0 0 0 0 0 0 0 0 0 0 0 0 0 0 0 0 0 0 0 0 0 0 0 0 0 0 0 0 0 0 0 0 0 0 0 0 0 0
0 0 0 0 0 0 0 0 0 0 0 0 0 0 0 0 0 0 0 0 0 0 0 0 0 0 0 0 0 0 0 0 0 0 0 0 0 0 0 0 0 0 0 0 0 0 0 0 0 0 0 0 0 0 0 0 0 0 0 0 0 0 0 0 0 0 0 0 0 0 0 0 0 0 0 0 0 0 0 0 0 0 0 0 0 0 0 0 0 0 0 0 0 0 0 0
0 0 0 0 0 0 0 0 0 0 0 0 0 0 0 0 0 0 0 0 0 0 0 0 0 0 0 0 0 0 0 0 0 0 0 0 0 0 0 0 0 0 0 0 0 0 0 0 0 0 0 0 0 0 0 0 0 0 0 0 0 0 0 0 0 0 0 0 0 0 0 0 0 0 0 0 0 0 0 0 0 0 0 0 0 0 0 0 0 0 0 0 0 0 0 0
0 0 0 1.248269 3.707194 6.701491 9.383048 4.276499 0 0 0 0 0 0 0 0 0 0 0 0 0 0 0 0 0 0 0 0 0 0 0 0 0 0 0 0 0 0 0 0 0 0 0 0 0 0 0 0 0 0 0 0 0 0 0 0 0 0 0 0 0 0 0 0 0 0 0 0 0 0 0 0 0 0 0 0 0 0 0 0 0 0 0 0 0 0 0 0 0 0 0 0 0 0 0 0
4.835162 5.993269 8.234115 1.141256 0 0 0 0 8.174811 13.67802 6.966943 0 0 0 0 0 0 0 0 0 0 0 0 0 0 0 0 0 0 0 0 0 0 0 0 0 0 0 0 0 0 0 0 0 0 0 0 0 0 0 0 0 0 0 0 0 0 0 0 0 0.9927491 1.70318 1.714948 0.3673364 0 0 0.02796281 0.09677909 0.5388351 0.9894813 2.125209 2.635846 1.290291 0.08179631 0 0 0 0 0 0 0 0 0 0 0 0 0 0 0 0 0 0 0 0 0 0
28.34684 31.48533 30.04342 24.84821 6.41662 8.462293 22.14029 21.3425 22.3341 19.37028 8.250442 0 0 0 0 0 0 0 0 0 0 0 0 0 0 0 0 0 0 0 0 0 0 0 0 0 0 0 0.8598418 1.454724 0.8521308 0 0 0 0 0 0 0 0 0 0 0 0 0 0 0 0 0 0 0 0 0 0 0 0.001781346 0.9915897 4.142921 5.386545 5.533805 5.533805 5.533805 5.533805 5.533805 4.947337 2.956671 1.488482 0.01559194 0 0 0 0 0 0 0 0 0 0 0 0 0 0 0 0 0 0 0
7.062051 9.243155 8.54475 0.8101576 0 0 0 0 0 0 0 0 0 0 0 0 0 0 0 0 0 0 0 0 0 0 0 0 0 0 0 0 0 0 0 0 0 0 0 0 0 0 0 0 0 0 0 0 0 0 0 0 0 0 0 0 0 0 0 0 0 8.480012e-05 0.5287129 1.493534 2.519125 3.862254 5.014044 5.665121 5.374994 4.572267 4.753483 4.639718 4.570495 4.685851 3.719413 1.557709 0.1589658 0.6030213 0.4678737 0 0 0 0 0 0 0 0 0 0 0 0 0 0 0 0 0
0.2722559 0 0 0 0 0 0 0 0 0 0 0 0 0 0 0 0 0 0 0 0 0 0 0 0 0 0 0 0 0 0 0 0.7952029 1.163343 0.6014383 0.05290951 0 0 0 0 0 0 0 0 0 0 0 0 0 0 0 0 0 0 0 0 0 0 0 0 0 0.1311089 1.095531 2.968626 3.16397 3.808148 3.403935 2.169916 3.772813 5.701544 6.126431 6.126431 6.124503 5.800114 5.469998 5.00887 4.655699 5.98644 6.101169 4.82826 0.6176099 0 0 0 0 0 0 0 0 0 0 0 0 0 0 0
0 0 0 0 0 0 0 0 0 0 0 0 0 0 0 0 0 0 0 0 0 0 0 0 0 0 0 0 0 0 0 0 0 0.1845239 0.2807618 0.04047317 0 0 0 0 0 0 0 0 0 0 0 0 0 0 0 0 0 0 0 0 0 0 0 0 0 0 0.01607658 0.1538911 0.3871498 0.4435481 0.3080883 0.2033068 0.7686182 4.818639 5.723175 5.905344 6.392743 6.411821 6.421933 6.421933 6.421933 6.421933 6.034071 3.797567 0.1309195 0 1.213808 3.687024 3.859035 3.834552 1.06067 1.704138 0.2408569 0 0 0 0 0 0 0
0 0 0 0 0 0 0 0 0 0 0 0 0 0 0 0 0 0 0 0 0 0 0 0 0 0 0 0 0 0 0 0 0 0 0 0 0 0 0 0 0 0 0 0 0 0 0 0 0 0 0 0 0 0 0 0 0 0 0 0 0 0 0 0 0 0 0 0 0 0 0 0.02244885 0.1323091 0.1125187 1.516728 2.419435 2.656466 2.81269 2.515751 1.710425 0.5675859 3.742746 6.385188 6.665617 6.652835 5.757934 6.716928 6.716928 6.323809 4.425249 2.64574 0 0 0 0 0
0 0 0 0 0 0 0 0 0 0 0 0 0 0 0 0 0 0 0 0 0 0 0 0 0 0 0 0 0 0 0 0 0 0 0 0 0 0 0 0 0 0 0 0 0 0 0 0 0 0 0 0 0 0 0 0 0 0 0 0 0 0 0 0 0 0 0 0.1733945 0 0 0 0 0 0 0 0 0 0.01847643 0.001163969 2.347025 5.871162 6.061763 4.788216 4.28413 4.206926 4.311268 3.869539 3.480014 2.736904 2.464947 0.7256894 0 0.6473991 1.436311 1.233541 0.7180651
0 0 0 0 0 0 0 0 0 0 0 0 0 0 0 0 0 0 0 0 0 0 0 0 0 0 0 0 0 0 0 0 0 0 0 0 0 0 0 0 0 0 0 0 0.1297416 0.03259265 0 0 0 0 0 0 0 0 0 0 0 0 0 0 0 0 0 0.1884075 0.08073097 0 0 0 0 0 0 0 0 0 0 0 0 0 0 0.6000188 0.3548217 0 0.04977378 0.07859766 0 0.2519321 1.620023 2.215299 3.065459 2.332803 1.047251 0.7158358 0.02443445 0 0 0
0 0 0 0 0 0 0 0 0 0 0 0 0 0 0 0.03459406 0 0 0 0 0 0 0 0 0 0 0 0 0 0 0 0 0 0 0 0 0 0 0 0 0 0 0 0 0.118416 0.08120251 0 0 0 0 0 0 0 0 0 0 0 0.5877859 0.8977103 0.7620822 0.1375988 0.09971574 0 0 0 0 0 0 0 0 0.06718738 1.008591 1.902408 0.1473992 0 0 0 0 0 0 0.05724873 0.006824275 0.5083008 3.365426 5.474903 7.361994 7.598628 7.598628 7.402015 6.55655 5.769206 3.650243 1.10425 0.9020251 0.5903346 0.5551111
0 0 0 0 0 0 0 0 0 0 1.530648 8.204274 30.71792 42.50397 50.23485 55.4814 52.82741 33.44572 0.2280057 0 0 0 0 0 0 0 0 0 0 0 0 0 0 0 0 0 0 0 0 0 0 0 0 0 0 0 0 0 0 0 0 0 0 0 0 0 0 0.04072685 0.02567648 0.01133147 0 0 0 0 0 0 0 0.03666911 0.5385863 0.5322275 0.9076164 1.45456 1.601766 0.1263353 0.6462232 0.5765304 0.02877617 0 0 0 0.03136227 0.1253671 5.780779 7.891389 7.891389 7.891389 7.891389 7.891389 7.891389 7.891389 7.885971 7.645813 7.855183 5.952683 2.587857 0.6584811
11.9408 7.207455 29.1284 32.21114 27.97104 25.39696 28.28846 36.49902 38.34726 49.45947 55.92349 57.94743 57.94743 53.40288 45.29672 34.80553 23.65617 3.704764 0 0 0 0 0 0 0 0 0 0 0 0 0 0 0 0 0 0 0 0 0 0 0 0 0 0 0 0 0 0 0 0 0 0 0 0 0 0 0 0 0 0 0 0 0 0.04688518 0.02054375 0.06064022 0.896731 1.148134 1.894624 2.671005 2.88313 3.976642 2.512849 1.766284 0.959577 0.7036352 2.292595 3.718814 5.111905 6.413827 7.435447 7.868481 8.183548 8.183548 8.183548 8.183548 9.180759 11.97225 12.88453 13.54675 14.2069 14.86497 15.52038 15.33103 15.78013 15.75714
57.1445 59.23394 60.01178 60.01178 60.01178 57.90705 48.82022 39.68833 33.79568 27.5194 20.09069 10.65113 4.209598 0.0385373 0 0 0 0 0 0 0 0 0 0 0 0 0 0 0 0 0 0 0 0 0 0 0 0 0 0 0 0 0 0.5149835 0.4534695 0.6528925 0.3451369 0 0 0 0 0 0 0 0 0.02287449 0.04042118 0.03322046 0.07091345 0.1321456 1.316795 2.114145 2.350148 3.279034 4.048803 5.427285 6.74776 7.8908 8.351696 8.475089 8.475089 7.822882 7.752133 7.284297 7.925557 8.230956 8.475089 8.475089 8.475089 8.475089 8.475089 8.490784 9.29083 10.5235 11.74971 13.96266 16.3004 16.38397 16.38397 16.38397 16.38397 16.38397 16.38397 16.38397 16.38397 16.38397
61.31798 51.42475 33.31755 20.3904 6.452067 0.3561865 0 0 0 0 0 0 0 0 0 0 0 0 0 0 0 0 0 0 0 0 0 0 0 0 0 0 0 0 0 0 0 0 0 0 0 0 0 1.83058 1.79799 0 0 0 0 0 0 0 0.05648274 0.2076141 1.553419 1.828726 3.078225 5.96344 7.914052 8.2213 8.759444 8.765971 8.765971 8.765971 8.765971 8.765971 8.765971 8.765971 8.765971 8.765971 8.765971 8.765971 8.765971 8.765971 8.765971 8.765971 8.765971 8.765971 8.765971 9.987301 14.59388 16.50724 16.94632 16.94632 16.94632 16.94632 16.94632 16.94632 16.94632 16.94632 16.94632 16.94632 16.94632 16.94632 16.94632 16.94632
23.33763 3.025449 0 0 0 0 0 0 0 0 0 0 0 0 0 0 0 0 0 0 0 0 0 0 0 0 0 0 0 0 0 0 0 0 0 0 0 0 0.7058986 0.1144177 0 0 0 0 0 0 0 0 0.0560092 0.2495512 1.435036 2.557741 4.053212 5.66082 7.91456 8.709379 9.056191 9.056191 9.056191 9.056191 9.056191 9.056191 9.056191 9.056191 9.056191 9.056191 9.056191 9.056191 9.056191 9.056191 9.056191 9.056191 9.056191 9.056191 9.056191 9.056191 9.056191 9.056191 9.056191 9.056191 9.683093 17.46188 17.50736 17.50736 17.50736 17.50736 17.50736 17.50736 17.50736 17.50736 17.50736 17.50736 17.50736 17.50736 17.50736 17.50736
0 0 0 0 0 0 0 0 0 0 0 0 0 0 0 0 0 0 0 0 0 0 0 0 0 0 0 0 0 0 0 0 0 0 0 0 0 0 0 0 0 0 0 0 0.1081515 0.9610175 1.036125 0.2498483 0.2076738 0.8308605 1.074764 1.130237 2.896541 5.960055 8.414356 9.345728 9.345728 9.345728 9.345728 9.345728 9.345728 9.345728 9.345728 9.345728 9.345728 9.345728 9.345728 9.345728 9.345728 9.345728 9.345728 9.345728 9.345728 9.345728 9.345728 9.519823 10.823 10.93353 11.07168 13.44303 16.4402 18.06385 18.0671 18.0671 18.0671 18.0671 18.0671 18.0671 18.0671 18.0671 18.0671 18.0671 18.0671 18.0671 18.0671 18.0671
0 0 0 0 0 0 0 0 0 0 0 0 0 0 0 0 0 0 0 0 0 0 0 0 0 0 0 0 0 0 0 4.315657 1.871442 0 0 0 0 0 0 0 0.1449676 0.8836977 1.407972 2.262854 2.516092 2.639511 2.568248 3.059341 4.225095 4.688607 3.942099 5.931754 7.197626 7.900022 9.038312 9.634556 9.634556 9.634556 9.634556 9.634556 9.634556 9.634556 9.634556 9.634556 9.634556 9.634556 9.634556 9.634556 9.634556 9.634556 9.634556 9.634556 10.99261 13.79754 16.36657 18.27041 18.62542 18.62542 18.62542 18.62542 18.62542 18.62542 18.62542 18.62542 18.62542 18.62542 18.62542 18.62542 18.62542 18.62542 18.62542 18.62542 17.84408 17.18472 14.40287 13.86172
0 0 0 0 0 0 0 0 0 0 0 0 0 0 0 0 0 0 0 3.567507 78.73045 77.49483 54.08509 5.827368 0 0 0 0 17.12927 9.083017 2.071533 11.42515 12.26064 5.148713 0 0 0 0.1414105 0.9445332 0 0.6705828 7.619238 9.922632 9.922632 9.922632 9.922632 9.922632 9.922632 9.922632 9.922632 9.922632 9.922632 9.922632 9.922632 9.922632 9.99306 29.65023 58.90738 65.67252 70.11441 74.55331 78.64537 28.24656 16.01564 14.81835 12.78374 12.83612 13.60206 12.43479 11.27334 11.51169 13.48775 19.14343 19.18236 19.18236 19.18236 19.18236 19.18236 19.18236 19.18236 19.18236 19.18236 19.18236 19.18236 19.18236 19.18236 19.18236 19.18236 19.18236 19.18236 19.18236 18.40055 12.18066 11.08557 5.81658 6.169808
0 0 0 0 0 0 0 0 0 0 0 0 0 0 0 0 0 6.111485 68.90851 78.19628 75.96185 75.87872 77.13702 70.96641 57.89686 23.89839 0 0 16.29435 24.89872 61.47123 2.876182 0 0 3.758961 21.57503 7.77625 2.670271 5.542214 0.1076993 0 3.864432 10.20996 10.20996 10.20996 10.20996 10.20996 10.20996 10.20996 10.20996 10.20996 77.08018 159.6017 157.3289 158.0929 186.5507 201.9653 201.9653 201.9653 201.9653 201.9653 201.9653 184.5847 73.30267 19.73783 19.73783 19.73783 19.73783 19.73783 19.73783 19.73783 19.73783 19.73783 19.73783 19.73783 19.73783 19.73783 19.73783 19.73783 19.73783 19.73783 19.73783 19.73783 19.73783 19.73783 19.73783 19.73783 19.73783 19.73783 19.73783 18.80864 15.86706 18.73194 19.73783 19.73783 19.73783
0 0 0 0 0 0 0 0 0 0 0 0 0 0 0 0 0 54.41919 103.9163 103.9163 103.9163 103.9163 103.9163 103.9163 103.9163 44.16796 0 0 0 16.38437 104.8975 11.50873 0.664641 16.59986 45.01314 81.47574 90.16083 51.79886 28.04647 18.23106 10.40171 3.092587 2.941035 3.712674 8.242771 24.16758 28.7844 30.53839 24.63837 28.48916 24.95626 29.42039 88.34154 63.23604 53.28441 74.84096 97.263 131.1532 207.1634 207.7166 207.7166 207.7166 207.7166 203.4382 134.0144 93.15299 22.69506 20.29991 20.29991 20.29991 20.29991 20.29991 20.29991 20.29991 20.29991 20.29991 20.29991 20.29991 20.29991 20.29991 20.29991 20.29991 20.29991 20.29991 20.29991 20.29991 20.29991 20.29991 20.29991 20.29991 20.29991 20.29991 20.29991 20.29991 20.29991 20.29991
0 0 0 0 0 0 0 0 0 0 0 0 0 0 0 0.3311681 32.04972 102.6848 106.6925 106.6925 106.6925 106.6925 106.6925 104.7598 63.73778 1.158993 10.05969 83.87363 107.9244 122.2418 83.33452 0.02017455 64.57392 121.6302 105.9905 78.9906 108.3632 122.5764 117.355 95.79 49.10234 34.5946 22.34495 13.3792 14.48528 24.24693 18.28335 32.21433 35.52557 35.52557 35.52557 35.52557 35.52557 35.52557 35.52557 35.52557 35.52557 123.119 206.5698 213.2661 213.2661 213.2661 213.2661 213.2661 213.2661 213.2661 137.2384 20.8422 20.8422 20.8422 20.8422 20.8422 20.8422 20.8422 20.8422 20.8422 20.8422 20.8422 20.8422 20.8422 20.8422 20.8422 20.8422 20.8422 20.8422 20.8422 20.8422 20.8422 20.8422 20.8422 20.8422 20.8422 20.8422 20.8422 20.8422 20.8422
0 0 0 0 0 0 0 0 0 0 0 0 0 18.79721 70.53406 99.22842 109.5147 109.5147 109.5147 109.5147 109.5147 109.5147 109.5147 102.1879 48.39962 8.078024 40.37 107.7934 125.8187 125.8187 104.9122 58.08911 45.14252 51.97179 74.81667 76.3625 91.60055 119.3834 93.98283 77.26433 57.6768 38.03415 36.46529 36.46529 26.80364 9.918105 13.9269 36.37909 36.46529 36.46529 36.46529 36.46529 36.46529 36.46529 36.46529 36.46529 99.23411 185.6415 218.907 218.907 218.907 218.907 218.907 218.907 218.907 218.907 186.5724 42.76538 21.39352 21.39352 21.39352 21.39352 21.39352 21.39352 21.39352 21.39352 21.39352 21.39352 21.39352 21.39352 21.39352 21.39352 21.39352 21.39352 21.39352 21.39352 21.39352 21.39352 21.39352 21.39352 21.39352 21.39352 21.39352 21.39352 21.39352 21.39352
0 0 0 0 0 0 0 0 0 0 0 0 0.2231196 30.77131 67.87128 112.3279 112.3279 112.3279 112.3279 112.3279 112.3279 112.3279 112.3279 112.3279 112.3279 56.37855 0 9.663541 94.38065 129.0508 129.0508 123.1332 128.1873 129.0508 129.0508 126.8362 110.6157 121.0844 128.0236 129.0508 129.0508 77.19131 37.40204 37.40204 28.72611 27.45428 17.18327 30.82652 37.40204 37.40204 37.40204 37.40204 66.66162 86.6245 41.95846 37.40204 54.85806 147.0146 221.3401 224.5304 224.5304 224.5304 224.5304 224.5304 224.5304 224.5304 176.5135 56.1855 21.9431 21.9431 21.9431 21.9431 21.9431 21.9431 21.9431 21.9431 21.9431 21.9431 21.9431 21.9431 21.9431 21.9431 21.9431 21.9431 21.9431 21.9431 21.9431 21.9431 21.9431 21.9431 21.9431 21.9431 21.9431 21.9431 21.9431 21.9431
3.17468 0 0 0 0 0 0 0 0 0 0 0 0 0.6732181 50.39161 115.1321 115.1321 115.1321 115.1321 115.1321 93.87542 87.24422 114.7982 115.1321 112.2654 20.66283 0 28.25213 111.7391 132.2726 132.2726 132.2726 132.2726 132.2726 132.2726 132.2726 132.2726 132.2726 118.7879 82.6784 54.04818 42.59947 38.33578 37.52666 33.66445 27.06586 24.4074 35.30646 38.33578 38.33578 38.85187 60.40809 141.7398 230.1357 220.1212 164.8292 228.3199 230.1357 230.1357 230.1357 230.1357 230.1357 230.1357 230.1357 229.8733 214.7245 172.5505 22.67723 22.49088 22.49088 22.49088 22.49088 22.49088 22.49088 22.49088 22.49088 22.49088 22.49088 22.49088 22.49088 22.49088 22.49088 22.49088 22.49088 22.49088 22.49088 22.49088 22.49088 22.49088 22.49088 22.49088 22.49088 22.49088 22.49088 22.49088 22.49088
59.22977 43.07705 53.46473 43.86896 39.22361 36.32585 27.70113 15.57549 2.467015 0 0 0 0 30.35221 86.32314 108.5808 116.9452 116.4528 114.4815 117.9273 107.4323 104.5972 115.464 117.9273 117.8537 24.51176 0 89.63927 135.4836 135.4836 135.4836 135.4836 135.4836 135.4836 135.4836 135.4836 135.4836 132.5368 70.13819 42.40625 39.26648 39.26648 39.26648 39.26648 39.26648 38.83602 34.90425 32.48241 32.77364 58.93017 203.8167 206.5594 235.723 235.723 224.8733 125.7792 225.3876 235.723 235.723 226.3782 209.9078 228.1996 235.723 193.2968 31.66543 23.03692 23.03692 23.03692 23.03692 23.03692 23.03692 23.03692 23.03692 22.59087 21.17872 19.73919 18.97022 19.32718 18.19631 17.54658 19.2515 21.1203 21.41978 21.80544 22.93371 23.03692 23.03692 23.03692 23.03692 23.03692 23.03692 23.03692 22.95199 22.23272 21.39729 20.50002
7.730412 59.32955 86.37376 86.37376 86.37376 86.37376 86.37376 86.37376 83.9929 52.92307 41.36871 21.49953 5.123256 1.038684 15.49801 1.274316 76.45502 120.2901 114.4901 120.7132 115.2072 120.7132 120.7132 120.7132 114.2962 16.99482 0 32.77506 102.2663 105.0895 88.39357 66.56482 84.16232 111.7949 138.5129 138.6845 138.6845 138.6845 138.6845 120.9632 94.49653 82.07808 80.18207 95.9511 71.19145 43.6868 40.19407 40.19407 40.19407 177.1996 241.2916 209.7128 215.4322 241.2916 241.2916 235.9319 276042.5 232.7398 198.3797 217.7431 228.5336 218.8728 216.6866 225.5098 146.5246 49.78956 23.61543 22.56689 22.46159 22.68455 19.75942 18.19966 16.74122 15.73513 15.70145 15.70145 15.70145 15.70145 15.70145 15.70145 15.70145 15.70145 15.70145 15.70145 16.1475 17.55856 17.30414 18.94656 17.73154 16.9192 17.80986 17.48583 15.25751 13.76702 13.73371 13.73371
31.6531 55.88764 86.40657 88.36042 88.36042 88.36042 88.36042 88.36042 88.1115 92.01743 97.40306 106.1523 102.338 80.57204 48.54349 6.681695 0.6869341 28.97494 117.5938 123.4898 123.4898 123.4898 123.4898 123.4898 118.2872 83.59428 39.01086 1.527933 11.49904 162.2202 215.2634 259.4482 425.1715 252.35 43.3831 91.05513 141.8742 141.8742 141.8742 141.8742 141.8742 141.8742 141.8742 141.8742 141.8742 106.8385 66.05773 51.92475 84.68225 220.0049 246.8417 222.2753 222.0332 246.8417 246.8417 246.8417 246.8417 246.8417 246.8417 217.0561 213.1127 224.6407 228.7077 228.5896 237.6669 246.8417 231.5845 198.0668 53.50323 18.29366 16.06261 16.06261 16.06261 16.06261 16.06261 16.06261 16.06261 16.06261 16.06261 16.06261 16.06261 16.06261 16.06261 16.06261 15.70049 16.06261 16.06261 16.06261 16.06261 16.06261 16.06261 16.06261 16.06261 15.39193 14.04961 14.04961
90.34026 90.34026 90.34026 90.34026 90.34026 90.34026 90.34026 291.0552 3618.483 6805.353 5517.375 110.1732 110.4308 110.4308 110.4308 104.5456 64.46492 107.7075 126.2566 126.2566 126.2566 123.2639 116.4706 125.7404 126.2566 126.2566 59.03076 2.367883 27.47135 222.6276 327.1839 480.9059 502.2639 504.1091 225.4613 66.78729 138.2985 145.0533 145.0533 145.0533 145.0533 145.0533 145.0533 145.0533 144.6632 141.9626 220.9939 252.3725 252.3725 252.3725 252.3725 290.1773 327.6422 236.508 249.2116 198.5361 213.4055 208.068 239.8464 220.1986 203.6394 213.395 219.7533 232.5648 232.9512 159.7839 73.63719 90.43934 21.54731 16.41965 16.12077 16.4225 16.4225 16.4225 16.4225 16.4225 16.4225 16.4225 16.4225 16.4225 16.4225 16.4225 16.4225 16.4225 13.82525 15.9039 16.4225 16.4225 16.4225 16.4225 16.4225 16.4225 16.4225 15.80447 14.36441 14.36441
92.31323 92.31323 92.31323 92.31323 92.31323 201.0911 4246.83 7420.168 11611.16 11611.16 11072.67 8934.094 1741.904 112.8423 112.8423 112.8423 112.8423 114.5048 126.706 129.0138 129.0138 128.9692 119.316 112.9172 129.0138 102.0774 23.9838 0 8.457855 170.2267 293.0255 293.0281 307.0681 354.9622 239.5429 144.3074 135.1637 128.0824 145.6028 148.2207 148.2207 148.2207 148.2207 147.3018 127.39 112.6986 131.6234 199.1337 253.9217 257.8837 732.407 1594.16 1397.974 1071.925 263.82 160.8684 241.4467 257.8837 257.8837 257.8837 257.8837 257.8837 252.4951 188.5049 58.52416 16.78115 16.78115 16.78115 16.77822 15.76878 16.6503 15.57939 16.72995 16.78115 16.78115 16.78115 16.78115 16.78115 16.78115 16.78115 16.78115 16.78115 16.78115 16.78115 16.78115 16.78115 16.78115 16.78115 16.78115 16.78115 16.78115 16.78115 16.78115 15.95171 14.67811 14.67811
175.4837 153.657 131.8262 1176.569 4472.486 8371.961 11858.42 11858.42 11858.42 11858.42 7735.864 3432.746 171.5151 115.2453 115.2453 115.2453 115.2453 115.2453 122.2707 131.7611 131.7611 131.7611 131.7611 130.6761 66.30815 0.426212 0 25.71282 273.4418 299.2658 299.2658 300.1948 372.7238 496.2763 520.7335 490.6663 361.6873 149.1369 143.9536 146.5503 151.3498 151.3772 151.3772 151.3772 142.8482 116.8094 111.4757 101.6638 130.5749 178.9246 669.0097 1633.896 1591.073 1342.44 1482.629 1197.538 718.8625 247.1298 130.4035 132.8464 147.0312 129.7805 58.82812 17.25201 15.72791 14.95854 16.49685 16.26144 17.13849 17.13849 17.13849 17.13849 17.13849 17.13849 17.13849 17.13849 17.13849 17.13849 17.13849 17.13849 17.13849 17.13849 17.13849 17.13849 17.13849 17.13849 17.13849 17.13849 17.13849 17.13849 17.13849 16.90862 16.35719 15.50025 14.99065 14.99065
2555.868 2555.868 2555.868 3104.409 9752.574 12104.77 12104.77 10307.71 6652.665 3250.858 135.0398 117.6392 31047.62 28731.86 117.6392 117.6392 117.6392 137.0851 101.2695 98.88429 98.9926 119.1225 97.00809 25.71126 7.149281 73.45329 162.6019 269.11 305.4827 305.4827 305.4827 392.5908 537.0159 537.0159 537.0159 537.0159 536.5237 480.3983 329.4642 154.522 154.522 154.522 154.522 130.6909 99.87259 95.55497 109.1386 117.4895 117.4895 117.4895 104.3857 1428.037 1540.139 1412.683 1492.867 167.5118 111.9375 115.6871 117.4895 107.8907 54.46642 18.60716 17.49452 17.4838 17.48204 17.49452 16.88923 15.39308 16.66543 16.77241 16.65413 17.49452 17.49452 17.49452 17.49452 17.49452 17.49452 17.49452 17.49452 17.49452 17.49452 17.49452 17.49452 17.49452 17.49452 17.49452 17.49452 17.49452 17.49452 17.49452 17.48963 17.11545 65.58266 45.82273 92.6962 103.1891
2607.684 2607.684 2607.684 2607.684 2609.024 5132.047 4489.534 298.4004 198.4802 198.4802 190.5362 183.6449 132.6726 120.0246 120.0246 120.0246 120.0246 127.6978 185.3089 257.5973 221.0982 210.9421 213.0416 171.1823 195.3274 311.6761 311.6761 311.6761 311.6761 311.6761 311.6761 356.7994 456.0245 92295.76 547.9041 547.9041 547.9041 547.9041 494.9094 185.2319 95.57802 96.34296 99.48156 93.55906 92.65267 92.65267 97.37675 118.0504 119.8717 119.8717 119.8717 219.5499 751.0837 984.7301 329.5234 108.0592 119.2231 111.4094 40.01922 33.10207 17.84921 17.84921 17.84921 17.84921 17.84921 17.84921 17.84921 17.84921 17.45832 17.84921 17.84921 17.84921 17.84921 17.84921 17.84921 17.84921 17.84921 17.84921 17.84921 17.84921 17.84921 17.84921 17.84921 17.84921 17.84921 17.84921 17.84921 17.84921 17.84921 17.84921 17.84921 17.84921 193.4865 368.1339 368.1339 368.1339
2659.308 2659.308 2659.308 2573.884 1663.015 806.6553 202.4093 202.4093 202.4093 202.4093 187.752 202.4093 202.2655 180.5372 148.1293 122.4004 122.4004 122.4004 131.3734 234.4572 306.3678 317.8457 317.8457 317.8457 31973.58 15142.89 317.8457 317.8457 317.8457 317.8457 344.8698 454.0736 531.3804 558.7493 558.7493 558.7493 558.7493 558.7493 556.4403 362.5274 113.1615 94.48679 94.48679 94.48679 94.48679 94.48679 94.48679 104.8517 112.9225 122.1437 122.2445 122.2445 122.2445 122.2445 122.2445 110.1727 112.0962 57.2142 17.75045 17.80172 18.13231 18.20256 17.79932 18.20256 18.20256 18.20256 18.20256 18.20256 18.20256 18.20256 18.20256 18.20256 18.20256 18.20256 18.20256 18.20256 18.20256 18.20256 18.20256 18.20256 18.20256 18.20256 18.20256 18.20256 18.20256 18.20256 18.20256 18.20256 18.20256 18.20256 18.20256 18.20256 43.06911 307.1592 375.4214 375.4214
2558.15 2709.013 1969.403 718.1476 419.531 290.1449 206.3226 206.3226 206.3226 206.3226 206.3226 206.3226 206.3226 206.3226 205.294 179.7972 153.3899 124.7671 124.7671 124.7671 134.908 286.5213 323.9911 323.9911 323.9911 323.9911 323.9911 323.9911 323.9911 323.9911 345.5814 477.8628 569.2851 569.5524 569.5524 569.5524 569.5524 569.5524 564.0979 397.2406 180.2528 96.31366 96.31366 96.31366 96.31366 96.31366 96.31366 96.31366 98.58562 123.7631 124.6082 124.6082 124.6082 124.6082 124.6082 111.1565 122.5908 119.4612 73.75224 18.02006 18.34281 18.55452 18.02536 18.55452 18.55452 18.55452 18.55452 18.55452 18.55452 18.55452 18.55452 18.55452 18.55452 18.55452 18.55452 18.55452 18.55452 18.55452 18.55452 18.55452 18.55452 18.55452 18.55452 18.55452 18.55452 18.55452 18.55452 18.55452 18.55452 18.55452 18.55452 19.50365 134.056 321.6876 382.6797 382.6797
561.9833 843.3524 453.3031 453.3031 453.3031 276.3563 210.2207 210.2207 210.2207 210.2207 214.4273 223.6998 214.1979 211.3719 210.2207 210.2207 190.5616 127.6346 127.1242 127.1242 171.9104 330.1124 330.1124 330.1124 330.1124 330.1124 330.1124 330.1124 330.1124 330.1124 367.008 535.4471 580.3125 580.3125 580.3125 580.3125 580.3125 580.3125 580.3125 470.4854 98.13316 98.13316 98.13316 98.13316 98.13316 98.13316 98.13316 98.13316 98.68036 100.0162 107.7595 113.3269 126.962 126.962 126.369 112.4585 126.962 126.962 94.71174 67.4136 37.91927 21.32132 18.68194 18.90501 18.90501 18.90501 18.90501 18.90501 18.90501 18.90501 18.90501 18.90501 18.90501 18.90501 18.90501 18.90501 18.90501 18.90501 18.90501 18.90501 18.90501 18.90501 18.90501 18.90501 18.90501 18.90501 18.90501 18.90501 18.90501 18.90501 18.90501 127.2724 377.368 389.9001 389.9091 389.9091
461.6737 461.6737 461.6737 461.6737 461.6737 461.6542 439.4666 339.2205 377.7029 418.7997 455.5651 395.603 265.0159 282.4665 237.702 226.4359 243.7157 248.4165 263.7485 255.5998 268.8885 322.4137 336.2079 336.2079 336.2079 336.2079 336.2079 336.2079 394.3469 558.2704 590.7698 591.0281 591.0281 591.0281 591.0281 591.0281 591.0281 584.3735 545.5172 189.7388 92.85869 92.49008 99.87215 99.94505 99.94505 99.94505 99.94505 99.94505 99.94505 99.94505 99.94505 104.9791 129.3067 129.3067 128.1233 116.3038 129.3067 129.3067 129.3067 129.3067 129.3067 120.1975 94.34724 83.49806 18.84125 18.84296 18.74902 18.84428 18.86521 18.84958 18.90674 19.14429 19.25413 19.25413 19.25413 19.25413 18.72945 18.87416 18.92471 18.65907 18.76245 18.82744 18.88763 19.25413 19.25413 19.25413 19.25413 19.25413 19.25413 19.25413 19.25413 32.31345 61.40409 60.20945 172.9595 208.5419
