projectPosts/joymap/rawData/glp00ag30.asc
ncols         720
nrows         286
xllcorner     -180
yllcorner     -58
cellsize      0.5000000000004
NODATA_value  -9999
[rows 0 to 41 of 286, columns 480 to 575 of 720]
0 0 0 0 0 0 0 0 0 0 0 0 0 0 0 0 0 0 0 0 0 0 0 0 0 0 0 0 0 0 0 0 0 0 0 0 0 0 0 0 0 0 0 0 0 0 0 0 0 0 0 0 0 0 0 0 0 0 0 0 0 0 0 0 0 0 0 0 0 0 0 0 0 0 0 0 0 0 0 0 0 0 0 0 0 0 0 0 0 0 0 0 0 0 0 0
0 0 0 0 0 0 0 0 0 0 0 0 0 0 0 0 0 0 0 0 0 0 0 0 0 0 0 0 0 0 0 0 0 0 0 0 0 0 0 0 0 0 0 0 0 0 0 0 0 0 0 0 0 0 0 0 0 0 0 0 0 0 0 0 0 0 0 0 0 0 0 0 0 0 0 0 0 0 0 0 0 0 0 0 0 0 0 0 0 0 0 0 0 0 0 0
0 0 0 0 0 0 0 0 0 0 0 0 0 0 0 0 0 0 0 0 0 0 0 0 0 0 0 0 0 0 0 0 0 0 0 0 0 0 0 0 0 0 0 0 0 0 0 0 0 0 0 0 0 0 0 0 0 0 0 0 0 0 0 0 0 0 0 0 0 0 0 0 0 0 0 0 0 0 0 0 0 0 0 0 0 0 0 0 0 0 0 0 0 0 0 0
0 0 0 0 0 0 0 0 0 0 0 0 0 0 0 0 0 0 0 0 0 0 0 0 0 0 0 0 0 0 0 0 0 0 0 0 0 0 0 0 0 0 0 0 0 0 0 0 0 0 0 0 0 0 0 0 0 0 0 0 0 0 0 0 0 0 0 0 0 0 0 0 0 0 0 0 0 0 0 0 0 0 0 0 0 0 0 0 0 0 0 0 0 0 0 0
0 0 0 0 0 0 0 0 0 0 0 0 0 0 0 0 0 0 0 0 0 0 0 0 0 0 0 0 0 0 0 0 0 0 0 0 0 0 0 0 0 0 0 0 0 0 0 0 0 0 0 0 0 0 0 0 0 0 0 0 0 0 0 0 0 0 0 0 0 0 0 0 0 0 0 0 0 0 0 0 0 0 0 0 0 0 0 0 0 0 0 0 0 0 0 0
0 0 0 0 0 0 0 0 0 0 0 0 0 0 0 0 0 0 0 0 0 0 0 0 0 0 0 0 0 0 0 0 0 0 0 0 0 0 0 0 0 0 0 0 0 0 0 0 0 0 0 0 0 0 0 0 0 0 0 0 0 0 0 0 0 0 0 0 0 0 0 0 0 0 0 0 0 0 0 0 0 0 0 0 0 0 0 0 0 0 0 0 0 0 0 0
0 0 0 1.008376 2.994743 5.413596 7.57981 3.454639 0 0 0 0 0 0 0 0 0 0 0 0 0 0 0 0 0 0 0 0 0 0 0 0 0 0 0 0 0 0 0 0 0 0 0 0 0 0 0 0 0 0 0 0 0 0 0 0 0 0 0 0 0 0 0 0 0 0 0 0 0 0 0 0 0 0 0 0 0 0 0 0 0 0 0 0 0 0 0 0 0 0 0 0 0 0 0 0
3.905938 4.841481 6.651679 0.921929 0 0 0 0 6.603773 11.04937 5.628033 0 0 0 0 0 0 0 0 0 0 0 0 0 0 0 0 0 0 0 0 0 0 0 0 0 0 0 0 0 0 0 0 0 0 0 0 0 0 0 0 0 0 0 0 0 0 0 0 0 0.801613 1.375263 1.384765 0.2966123 0 0 0.02257907 0.07814598 0.4350919 0.7989745 1.716037 2.12836 1.041868 0.06604787 0 0 0 0 0 0 0 0 0 0 0 0 0 0 0 0 0 0 0 0 0 0
22.89911 25.43445 24.26965 20.07287 5.183469 6.836004 17.88536 17.24089 18.0419 15.64768 6.664866 0 0 0 0 0 0 0 0 0 0 0 0 0 0 0 0 0 0 0 0 0 0 0 0 0 0 0 0.6942946 1.174643 0.6880681 0 0 0 0 0 0 0 0 0 0 0 0 0 0 0 0 0 0 0 0 0 0 0 0.001438379 0.8006765 3.345275 4.349463 4.46837 4.46837 4.46837 4.46837 4.46837 3.994816 2.387417 1.201901 0.01258999 0 0 0 0 0 0 0 0 0 0 0 0 0 0 0 0 0 0 0
5.704862 7.466799 6.902613 0.6544609 0 0 0 0 0 0 0 0 0 0 0 0 0 0 0 0 0 0 0 0 0 0 0 0 0 0 0 0 0 0 0 0 0 0 0 0 0 0 0 0 0 0 0 0 0 0 0 0 0 0 0 0 0 0 0 0 0 6.847335e-05 0.4269185 1.205981 2.034112 3.118645 4.04868 4.574406 4.340136 3.691959 3.838283 3.74642 3.690525 3.783672 3.003305 1.2578 0.1283597 0.4869201 0.3777929 0 0 0 0 0 0 0 0 0 0 0 0 0 0 0 0 0
0.2199336 0 0 0 0 0 0 0 0 0 0 0 0 0 0 0 0 0 0 0 0 0 0 0 0 0 0 0 0 0 0 0 0.6421006 0.9393619 0.485642 0.04272272 0 0 0 0 0 0 0 0 0 0 0 0 0 0 0 0 0 0 0 0 0 0 0 0 0 0.1058662 0.884606 2.397069 2.554802 3.074953 2.748567 1.752138 3.046423 4.603809 4.946889 4.946889 4.945333 4.683401 4.416846 4.0445 3.759327 4.833852 4.926491 3.898664 0.4986999 0 0 0 0 0 0 0 0 0 0 0 0 0 0 0
0 0 0 0 0 0 0 0 0 0 0 0 0 0 0 0 0 0 0 0 0 0 0 0 0 0 0 0 0 0 0 0 0 0.1489971 0.2267061 0.03268078 0 0 0 0 0 0 0 0 0 0 0 0 0 0 0 0 0 0 0 0 0 0 0 0 0 0 0.01298131 0.1242621 0.3126109 0.3581506 0.2487713 0.1641637 0.6206343 3.890899 4.621284 4.768379 5.161937 5.177342 5.185505 5.185505 5.185505 5.185505 4.872318 3.066413 0.1057133 0 0.9801104 2.977151 3.116045 3.096276 0.8564572 1.376036 0.1944841 0 0 0 0 0 0 0
0 0 0 0 0 0 0 0 0 0 0 0 0 0 0 0 0 0 0 0 0 0 0 0 0 0 0 0 0 0 0 0 0 0 0 0 0 0 0 0 0 0 0 0 0 0 0 0 0 0 0 0 0 0 0 0 0 0 0 0 0 0 0 0 0 0 0 0 0 0 0 0.01812672 0.1068353 0.09085517 1.224708 1.953616 2.145012 2.271158 2.031388 1.381112 0.4583073 3.022149 5.155828 5.382265 5.371944 4.649343 5.423697 5.423697 5.106266 3.573248 2.136349 0 0 0 0 0
0 0 0 0 0 0 0 0 0 0 0 0 0 0 0 0 0 0 0 0 0 0 0 0 0 0 0 0 0 0 0 0 0 0 0 0 0 0 0 0 0 0 0 0 0 0 0 0 0 0 0 0 0 0 0 0 0 0 0 0 0 0 0 0 0 0 0 0.1400105 0 0 0 0 0 0 0 0 0 0.01491912 0.0009398675 1.895147 4.740771 4.894682 3.866331 3.459297 3.396957 3.481211 3.124527 2.809999 2.209962 1.990366 0.5859707 0 0.5227537 1.159775 0.9960443 0.5798143
0 0 0 0 0 0 0 0 0 0 0 0 0 0 0 0 0 0 0 0 0 0 0 0 0 0 0 0 0 0 0 0 0 0 0 0 0 0 0 0 0 0 0 0 0.1047622 0.02631751 0 0 0 0 0 0 0 0 0 0 0 0 0 0 0 0 0 0.152133 0.06518766 0 0 0 0 0 0 0 0 0 0 0 0 0 0 0.4844956 0.2865071 0 0.04019072 0.06346507 0 0.203427 1.308117 1.788783 2.475258 1.883664 0.8456213 0.5780144 0.01973003 0 0 0
0 0 0 0 0 0 0 0 0 0 0 0 0 0 0 0.02794575 0 0 0 0 0 0 0 0 0 0 0 0 0 0 0 0 0 0 0 0 0 0 0 0 0 0 0 0 0.09561706 0.06556839 0 0 0 0 0 0 0 0 0 0 0 0.4746181 0.7248722 0.6153567 0.1111066 0.08051723 0 0 0 0 0 0 0 0 0.05425164 0.8144045 1.536133 0.1190201 0 0 0 0 0 0 0.0462265 0.005510381 0.4104365 2.717472 4.420807 5.944574 6.135649 6.135649 5.97689 5.294201 4.658447 2.947453 0.8916464 0.7283561 0.476676 0.4482375
0 0 0 0 0 0 0 0 0 0 1.236487 6.627573 24.81453 34.33552 40.58063 44.81892 42.67496 27.0181 0.1841874 0 0 0 0 0 0 0 0 0 0 0 0 0 0 0 0 0 0 0 0 0 0 0 0 0 0 0 0 0 0 0 0 0 0 0 0 0 0 0.03288561 0.02073293 0.009149792 0 0 0 0 0 0 0 0.02960912 0.434891 0.4297564 0.7328709 1.17451 1.293374 0.1020116 0.5218043 0.4655296 0.02323583 0 0 0 0.02532402 0.1012298 4.667794 6.372046 6.372046 6.372046 6.372046 6.372046 6.372046 6.372046 6.367671 6.173752 6.34281 4.8066 2.089739 0.5319665
9.646008 5.82232 23.53049 26.02079 22.59555 20.51616 22.85197 29.48463 30.97766 39.95429 45.17601 46.81099 46.81099 43.13985 36.59156 28.11658 19.10991 2.99278 0 0 0 0 0 0 0 0 0 0 0 0 0 0 0 0 0 0 0 0 0 0 0 0 0 0 0 0 0 0 0 0 0 0 0 0 0 0 0 0 0 0 0 0 0 0.03785826 0.01658842 0.04896502 0.7240812 0.9270809 1.529847 2.15675 2.328034 3.211011 2.029044 1.426217 0.7748275 0.5681626 1.851196 3.002823 4.1277 5.17896 6.003885 6.353544 6.60795 6.60795 6.60795 6.60795 7.414016 9.670428 10.40784 10.94313 11.47674 12.00869 12.53847 12.38562 12.74845 12.72988
46.16242 47.85032 48.47868 48.47868 48.47868 46.77845 39.43794 32.061 27.30081 22.23072 16.22966 8.604194 3.400595 0.03113118 0 0 0 0 0 0 0 0 0 0 0 0 0 0 0 0 0 0 0 0 0 0 0 0 0 0 0 0 0 0.4158325 0.3661619 0.5271896 0.2786869 0 0 0 0 0 0 0 0 0.01847041 0.0326388 0.02682444 0.05726032 0.1067033 1.063269 1.707104 1.897669 2.647716 3.269279 4.382354 5.448597 6.371565 6.743724 6.84336 6.84336 6.316723 6.259595 5.881833 6.399628 6.646229 6.84336 6.84336 6.84336 6.84336 6.84336 6.856046 7.502738 8.499134 9.490307 11.27908 13.16873 13.23628 13.23628 13.23628 13.23628 13.23628 13.23628 13.23628 13.23628 13.23628
49.53384 41.54191 26.91457 16.47176 5.212105 0.2877343 0 0 0 0 0 0 0 0 0 0 0 0 0 0 0 0 0 0 0 0 0 0 0 0 0 0 0 0 0 0 0 0 0 0 0 0 0 1.478134 1.45182 0 0 0 0 0 0 0 0.04560798 0.1676417 1.254335 1.476638 2.485568 4.815285 6.390335 6.638431 7.072969 7.078239 7.078239 7.078239 7.078239 7.078239 7.078239 7.078239 7.078239 7.078239 7.078239 7.078239 7.078239 7.078239 7.078239 7.078239 7.078239 7.078239 7.078239 8.065467 11.78907 13.33568 13.69059 13.69059 13.69059 13.69059 13.69059 13.69059 13.69059 13.69059 13.69059 13.69059 13.69059 13.69059 13.69059 13.69059
18.85259 2.444016 0 0 0 0 0 0 0 0 0 0 0 0 0 0 0 0 0 0 0 0 0 0 0 0 0 0 0 0 0 0 0 0 0 0 0 0 0.5699902 0.09238857 0 0 0 0 0 0 0 0 0.04522561 0.2015045 1.158745 2.065292 3.272838 4.570928 6.390753 7.032552 7.312591 7.312591 7.312591 7.312591 7.312591 7.312591 7.312591 7.312591 7.312591 7.312591 7.312591 7.312591 7.312591 7.312591 7.312591 7.312591 7.312591 7.312591 7.312591 7.312591 7.312591 7.312591 7.312591 7.312591 7.819326 14.10709 14.14385 14.14385 14.14385 14.14385 14.14385 14.14385 14.14385 14.14385 14.14385 14.14385 14.14385 14.14385 14.14385 14.14385
0 0 0 0 0 0 0 0 0 0 0 0 0 0 0 0 0 0 0 0 0 0 0 0 0 0 0 0 0 0 0 0 0 0 0 0 0 0 0 0 0 0 0 0 0.08732883 0.7759904 0.8366378 0.2017444 0.1676899 0.6708929 0.8678372 0.9126297 2.338863 4.81255 6.794321 7.54637 7.54637 7.54637 7.54637 7.54637 7.54637 7.54637 7.54637 7.54637 7.54637 7.54637 7.54637 7.54637 7.54637 7.54637 7.54637 7.54637 7.54637 7.54637 7.54637 7.687095 8.740469 8.829813 8.941483 10.8583 13.28096 14.59339 14.59601 14.59601 14.59601 14.59601 14.59601 14.59601 14.59601 14.59601 14.59601 14.59601 14.59601 14.59601 14.59601 14.59601
0 0 0 0 0 0 0 0 0 0 0 0 0 0 0 0 0 0 0 0 0 0 0 0 0 0 0 0 0 0 0 3.486408 1.511847 0 0 0 0 0 0 0 0.1170567 0.7135574 1.136892 1.827181 2.031662 2.13132 2.073777 2.470319 3.411625 3.785896 3.183114 4.789703 5.811851 6.379011 7.298141 7.779587 7.779587 7.779587 7.779587 7.779587 7.779587 7.779587 7.779587 7.779587 7.779587 7.779587 7.779587 7.779587 7.779587 7.779587 7.779587 7.779587 8.877329 11.14462 13.22122 14.76015 15.04711 15.04711 15.04711 15.04711 15.04711 15.04711 15.04711 15.04711 15.04711 15.04711 15.04711 15.04711 15.04711 15.04711 15.04711 15.04711 14.41588 13.8832 11.63579 11.19861
0 0 0 0 0 0 0 0 0 0 0 0 0 0 0 0 0 0 0 2.88192 63.60042 62.60219 43.69127 4.70749 0 0 0 0 13.8379 7.337725 1.67349 9.229822 9.904766 4.159394 0 0 0 0.1141844 0.7626801 0 0.541474 6.152282 8.012204 8.012204 8.012204 8.012204 8.012204 8.012204 8.012204 8.012204 8.012204 8.012204 8.012204 8.012204 8.012204 8.069098 23.94874 47.58348 53.04858 56.63689 60.22278 63.52848 22.81668 12.93731 11.96952 10.32491 10.36724 10.98637 10.04284 9.104011 9.296675 10.89398 15.46556 15.49703 15.49703 15.49703 15.49703 15.49703 15.49703 15.49703 15.49703 15.49703 15.49703 15.49703 15.49703 15.49703 15.49703 15.49703 15.49703 15.49703 15.49703 14.86542 9.840504 8.955807 4.699092 4.984458
0 0 0 0 0 0 0 0 0 0 0 0 0 0 0 0 0 4.937007 55.66599 63.16887 61.36384 61.29669 62.31318 57.32841 46.77052 19.3057 0 0 13.1634 20.11446 49.65961 2.323527 0 0 3.036681 17.42942 6.282053 2.156157 4.475159 0.08696372 0 3.120404 8.244214 8.244214 8.244214 8.244214 8.244214 8.244214 8.244214 8.244214 8.244214 62.26399 128.9273 127.0912 127.7084 150.6974 163.1499 163.1499 163.1499 163.1499 163.1499 163.1499 149.1097 59.21569 15.94578 15.94578 15.94578 15.94578 15.94578 15.94578 15.94578 15.94578 15.94578 15.94578 15.94578 15.94578 15.94578 15.94578 15.94578 15.94578 15.94578 15.94578 15.94578 15.94578 15.94578 15.94578 15.94578 15.94578 15.94578 15.94578 15.1951 12.81867 15.13314 15.94578 15.94578 15.94578
0 0 0 0 0 0 0 0 0 0 0 0 0 0 0 0 0 43.96115 83.94603 83.94603 83.94603 83.94603 83.94603 83.94603 83.94603 35.67996 0 0 0 13.23613 84.74159 9.297342 0.5369309 13.41022 36.36389 65.8203 72.83665 41.84767 22.66041 14.73035 8.404384 2.498393 2.37479 2.997862 6.657313 19.52465 23.25594 24.6735 19.90511 23.01733 20.16203 23.76724 71.36728 51.08772 43.04899 60.46193 78.57392 105.9496 167.3489 167.7958 167.7958 167.7958 167.7958 164.3396 108.2587 75.25084 18.33466 16.39985 16.39985 16.39985 16.39985 16.39985 16.39985 16.39985 16.39985 16.39985 16.39985 16.39985 16.39985 16.39985 16.39985 16.39985 16.39985 16.39985 16.39985 16.39985 16.39985 16.39985 16.39985 16.39985 16.39985 16.39985 16.39985 16.39985 16.39985 16.39985
0 0 0 0 0 0 0 0 0 0 0 0 0 0 0 0.2675257 25.89054 82.95123 86.18874 86.18874 86.18874 86.18874 86.18874 84.62749 51.48893 0.936263 8.126732 67.7574 87.18678 98.75304 67.32188 0.01629804 52.16611 98.25899 85.62444 63.81266 87.54123 99.02342 94.80555 77.38538 39.67128 27.9518 18.05429 10.81013 11.70382 19.59106 14.77259 26.02857 28.704 28.704 28.704 28.704 28.704 28.704 28.704 28.704 28.704 99.45915 166.8696 172.2787 172.2787 172.2787 172.2787 172.2787 172.2787 172.2787 110.8633 16.83798 16.83798 16.83798 16.83798 16.83798 16.83798 16.83798 16.83798 16.83798 16.83798 16.83798 16.83798 16.83798 16.83798 16.83798 16.83798 16.83798 16.83798 16.83798 16.83798 16.83798 16.83798 16.83798 16.83798 16.83798 16.83798 16.83798 16.83798 16.83798
0 0 0 0 0 0 0 0 0 0 0 0 0 15.18484 56.97921 80.1591 88.46857 88.46857 88.46857 88.46857 88.46857 88.46857 88.46857 82.54986 39.09844 6.525627 32.61294 87.08099 101.6428 101.6428 84.75346 46.92734 36.46842 41.98546 60.44074 61.68952 73.9996 96.44399 75.92464 62.42041 46.59789 30.73058 29.46326 29.46326 21.65683 8.013639 11.25267 29.39362 29.46326 29.46326 29.46326 29.46326 29.46326 29.46326 29.46326 29.46326 80.16647 149.9645 176.8356 176.8356 176.8356 176.8356 176.8356 176.8356 176.8356 176.8356 150.7156 34.54766 17.2834 17.2834 17.2834 17.2834 17.2834 17.2834 17.2834 17.2834 17.2834 17.2834 17.2834 17.2834 17.2834 17.2834 17.2834 17.2834 17.2834 17.2834 17.2834 17.2834 17.2834 17.2834 17.2834 17.2834 17.2834 17.2834 17.2834 17.2834
0 0 0 0 0 0 0 0 0 0 0 0 0.1802415 24.85781 54.82805 90.74121 90.74121 90.74121 90.74121 90.74121 90.74121 90.74121 90.74121 90.74121 90.74121 45.54398 0 7.806704 76.24551 104.2539 104.2539 99.47329 103.5562 104.2539 104.2539 102.4648 89.36095 97.81812 103.424 104.2539 104.2539 62.36181 30.22014 30.22014 23.21015 22.18255 13.88375 24.90723 30.22014 30.22014 30.22014 30.22014 53.85532 69.98087 33.90068 30.22014 44.32067 118.7626 178.8011 181.3781 181.3781 181.3781 181.3781 181.3781 181.3781 181.3781 142.59 45.38851 17.72738 17.72738 17.72738 17.72738 17.72738 17.72738 17.72738 17.72738 17.72738 17.72738 17.72738 17.72738 17.72738 17.72738 17.72738 17.72738 17.72738 17.72738 17.72738 17.72738 17.72738 17.72738 17.72738 17.72738 17.72738 17.72738 17.72738 17.72738
2.564568 0 0 0 0 0 0 0 0 0 0 0 0 0.5438421 40.70757 93.00652 93.00652 93.00652 93.00652 93.00652 75.83483 70.478 92.73681 93.00652 90.69074 16.69194 0 22.82352 90.26855 106.8565 106.8565 106.8565 106.8565 106.8565 106.8565 106.8565 106.8565 106.8565 95.96367 66.79444 43.66705 34.4188 30.97456 30.32079 27.20021 21.8687 19.7207 28.5269 30.97456 30.97456 31.39145 48.80407 114.5021 185.9063 177.8168 133.1516 184.4395 185.9063 185.9063 185.9063 185.9063 185.9063 185.9063 185.9063 185.6943 173.4569 139.3886 18.32048 18.16995 18.16995 18.16995 18.16995 18.16995 18.16995 18.16995 18.16995 18.16995 18.16995 18.16995 18.16995 18.16995 18.16995 18.16995 18.16995 18.16995 18.16995 18.16995 18.16995 18.16995 18.16995 18.16995 18.16995 18.16995 18.16995 18.16995 18.16995
47.84693 34.79847 43.18984 35.43819 31.6856 29.34473 22.37751 12.58219 1.992902 0 0 0 0 24.51925 69.7339 87.7142 94.47115 94.07336 92.48095 95.26449 86.78632 84.49615 93.27457 95.26449 95.20507 19.8012 0 72.41524 109.4506 109.4506 109.4506 109.4506 109.4506 109.4506 109.4506 109.4506 109.4506 107.0703 56.66471 34.26287 31.72655 31.72655 31.72655 31.72655 31.72655 31.37875 28.20197 26.24514 26.48046 47.60943 164.6457 166.861 190.4196 190.4196 181.6551 101.6058 182.0705 190.4196 190.4196 182.8708 169.5658 184.3421 190.4196 156.1476 25.58119 18.61105 18.61105 18.61105 18.61105 18.61105 18.61105 18.61105 18.61105 18.31106 17.3613 16.39312 15.87593 16.11601 15.35542 14.91843 16.06511 17.32201 17.52343 17.78281 18.54164 18.61105 18.61105 18.61105 18.61105 18.61105 18.61105 18.61105 18.54262 17.96108 17.28588 16.56067
6.244777 47.92759 69.7745 69.7745 69.7745 69.7745 69.7745 69.7745 67.85118 42.75243 33.41923 17.36829 4.138796 0.839074 12.51967 1.029424 61.76228 97.1733 92.48788 97.5151 93.06724 97.5151 97.5151 97.5151 92.33129 13.72883 0 26.47738 82.61587 84.89661 71.40881 53.77445 67.99059 90.31359 111.8977 112.0363 112.0363 112.0363 112.0363 97.72113 76.34145 66.30988 64.77831 77.51645 57.51572 35.29749 32.47606 32.47606 32.47606 143.146 194.9182 169.4086 174.0286 194.9182 194.9182 190.5886 276625.3 188.01 160.2534 175.8956 184.6122 176.8081 175.042 182.1694 118.3648 40.22199 19.07842 18.23133 18.14625 18.4477 16.48035 15.4313 14.4504 13.77373 13.75108 13.75108 13.75108 13.75108 13.75108 13.75108 13.75108 13.75108 13.75108 13.75108 14.05108 15.00011 14.829 15.93364 15.11646 14.5701 15.16913 14.95119 12.94834 11.13685 11.09184 11.09184
25.56997 45.14714 69.80098 71.37935 71.37935 71.37935 71.37935 71.37935 71.17826 74.33414 78.68537 85.75433 82.67315 65.08962 39.21557 5.397774 0.5549221 23.40666 94.99513 99.75804 99.75804 99.75804 99.75804 99.75804 95.55527 67.5295 31.5139 1.234302 9.28929 131.0466 173.8964 209.5899 343.4631 203.8534 35.04609 73.55894 114.6133 114.6133 114.6133 114.6133 114.6133 114.6133 114.6133 114.6133 114.6133 86.311 53.36829 41.95198 68.41277 177.7232 199.4013 179.5564 179.3608 199.4013 199.4013 199.4013 199.4013 199.4013 199.4013 175.3403 172.1548 181.4672 184.7525 184.657 191.9897 199.4013 187.0765 160.0009 43.51482 15.56793 14.06738 14.06738 14.06738 14.06738 14.06738 14.06738 14.06738 14.06738 14.06738 14.06738 14.06738 14.06738 14.06738 14.06738 13.75024 14.06738 14.06738 14.06738 14.06738 14.06738 14.06738 14.06738 14.06738 13.161 11.34695 11.34695
72.97868 72.97868 72.97868 72.97868 72.97868 72.97868 72.97868 260.2401 3364.637 6337.897 5135.612 89.00288 89.21098 89.21098 89.21098 84.45664 52.07756 87.00893 101.9933 101.9933 101.9933 99.5757 94.08786 101.5763 101.9933 101.9933 47.6865 1.912834 22.19223 179.8456 264.3082 388.4856 405.7387 407.2293 182.1324 53.9542 111.7245 117.1813 117.1813 117.1813 117.1813 117.1813 117.1813 117.1813 117.1068 127.6124 183.2578 203.8691 203.8691 203.8691 203.8691 243.175 290.5031 191.0537 201.3158 160.3797 172.3913 168.0795 193.7504 177.8787 164.502 172.3826 177.519 187.8684 188.1837 129.424 60.30682 73.79775 18.46973 14.38007 14.11832 14.38257 14.38257 14.38257 14.38257 14.38257 14.38257 14.38257 14.38257 14.38257 14.38257 14.38257 14.38257 14.38257 12.10793 13.92838 14.38257 14.38257 14.38257 14.38257 14.38257 14.38257 14.38257 13.54734 11.60118 11.60118
74.57236 74.57236 74.57236 74.57236 74.57236 176.0591 3950.619 6911.259 10821.34 10821.34 10318.82 8323.11 1611.391 91.15912 91.15912 91.15912 91.15912 92.50191 102.3566 104.2206 104.2206 104.1845 96.38647 91.21737 104.2206 82.46066 19.3747 0 6.832526 137.5145 236.7156 236.7177 248.0592 286.748 193.5089 116.5771 109.1913 103.4715 117.6256 119.7405 119.7405 119.7405 119.7405 119.5649 115.761 112.9543 125.3853 169.7305 205.7189 208.3215 701.6838 1597.648 1401.21 1055.794 229.2241 129.9513 195.0434 208.3215 208.3215 208.3215 208.3215 208.3215 203.9685 152.5477 48.16149 14.69669 14.69669 14.69669 14.69412 13.81006 14.58209 13.64419 14.65185 14.69669 14.69669 14.69669 14.69669 14.69669 14.69669 14.69669 14.69669 14.69669 14.69669 14.69669 14.69669 14.69669 14.69669 14.69669 14.69669 14.69669 14.69669 14.69669 14.69669 13.57574 11.85454 11.85454
152.2357 131.7877 111.3359 1085.933 4160.904 7799 11051.78 11051.78 11051.78 11051.78 7204.624 3188.973 145.6113 93.10027 93.10027 93.10027 93.10027 93.10027 98.77461 106.4399 106.4399 106.4399 106.4399 105.5633 53.56535 0.3443044 0 20.77164 220.8949 241.7563 241.7563 242.5068 301.0962 400.9023 420.6589 396.37 292.1806 120.4803 116.2931 118.3909 122.2681 122.2903 122.2903 122.2903 120.6609 115.6864 111.7286 101.8944 125.5254 157.2846 668.1222 1637.689 1594.766 1345.557 1480.985 1187.257 706.3958 232.6332 125.4128 127.0174 136.335 118.9952 53.8176 15.15149 13.77427 13.10045 14.44769 14.24151 15.00963 15.00963 15.00963 15.00963 15.00963 15.00963 15.00963 15.00963 15.00963 15.00963 15.00963 15.00963 15.00963 15.00963 15.00963 15.00963 15.00963 15.00963 15.00963 15.00963 15.00963 15.00963 15.00963 14.69896 13.95374 12.79566 12.10697 12.10697
2382.006 2382.006 2382.006 2893.232 9089.172 11281.37 11281.37 9602.901 6189.088 3011.909 109.3634 95.03442 25081.4 23210.59 95.03442 95.03442 95.03442 110.743 81.80855 79.88115 79.96862 96.23004 78.36548 20.77018 5.775417 59.33792 131.3552 217.3956 246.7786 246.7786 246.7786 317.1446 433.8119 433.8119 433.8119 433.8119 433.4143 388.076 266.1506 124.8307 124.8307 124.8307 124.8307 105.5806 80.68625 78.45257 103.8611 117.7562 117.7562 117.7562 104.6227 1431.352 1543.715 1415.965 1496.333 167.895 112.1916 115.9497 117.7562 107.9231 53.19531 16.46122 15.32144 15.31205 15.31051 15.32144 14.79133 13.48101 14.59533 14.68902 14.58543 15.32144 15.32144 15.32144 15.32144 15.32144 15.32144 15.32144 15.32144 15.32144 15.32144 15.32144 15.32144 15.32144 15.32144 15.32144 15.32144 15.32144 15.32144 15.32144 15.31483 14.80914 53.21273 37.01378 74.87923 83.35564
2430.303 2430.303 2430.303 2430.303 2431.552 4782.652 4168.491 253.6861 160.3608 160.3608 153.9424 148.3724 107.182 96.96117 96.96117 96.96117 96.96117 103.1597 149.6994 208.0956 178.6102 170.4057 172.1018 138.2866 157.7917 251.7821 251.7821 251.7821 251.7821 251.7821 251.7821 288.2327 368.3872 74559.09 442.6078 442.6078 442.6078 442.6078 399.7986 149.6398 77.21731 77.83523 80.37053 75.58642 74.85425 74.85425 82.71462 117.1133 120.1436 120.1436 120.1436 220.0534 752.8229 987.0128 330.2844 108.3043 119.4936 111.4749 38.343 31.25707 15.63209 15.63209 15.63209 15.63209 15.63209 15.63209 15.63209 15.63209 15.28975 15.63209 15.63209 15.63209 15.63209 15.63209 15.63209 15.63209 15.63209 15.63209 15.63209 15.63209 15.63209 15.63209 15.63209 15.63209 15.63209 15.63209 15.63209 15.63209 15.63209 15.63209 15.63209 15.63209 156.9061 297.3841 297.3841 297.3841
2478.412 2478.412 2478.412 2401.416 1548.478 732.8533 163.535 163.535 163.535 163.535 151.6927 163.535 163.4188 145.8603 119.6718 98.88059 98.88059 98.88059 106.1291 189.4026 247.4938 256.766 256.766 256.766 25827.98 12232.3 256.766 256.766 256.766 256.766 278.5962 366.8116 429.2604 451.3695 451.3695 451.3695 451.3695 451.3695 449.5042 292.8603 91.42149 76.33601 76.33601 76.33601 76.33601 76.33601 76.33601 93.58205 107.0109 122.3542 122.5219 122.5219 122.5219 122.5219 122.5219 110.4227 112.3505 55.95912 15.54558 15.59048 15.88001 15.94153 15.58838 15.94153 15.94153 15.94153 15.94153 15.94153 15.94153 15.94153 15.94153 15.94153 15.94153 15.94153 15.94153 15.94153 15.94153 15.94153 15.94153 15.94153 15.94153 15.94153 15.94153 15.94153 15.94153 15.94153 15.94153 15.94153 15.94153 15.94153 15.94153 15.94153 35.94296 248.3643 303.2708 303.2708
2384.248 2524.789 1858.153 730.3523 450.3171 278.2017 166.6972 166.6972 166.6972 166.6972 166.6972 166.6972 166.6972 166.6972 165.866 145.2621 123.9223 100.7924 100.7924 100.7924 108.9844 231.4615 261.7306 261.7306 261.7306 261.7306 261.7306 261.7306 261.7306 261.7306 279.1714 386.0289 459.8803 460.0962 460.0962 460.0962 460.0962 460.0962 455.6899 320.9013 145.6186 77.812 77.812 77.812 77.812 77.812 77.812 77.812 81.59229 123.4846 124.8908 124.8908 124.8908 124.8908 124.8908 111.4087 122.8688 119.6424 72.79407 15.78167 16.06434 16.24975 15.78631 16.24975 16.24975 16.24975 16.24975 16.24975 16.24975 16.24975 16.24975 16.24975 16.24975 16.24975 16.24975 16.24975 16.24975 16.24975 16.24975 16.24975 16.24975 16.24975 16.24975 16.24975 16.24975 16.24975 16.24975 16.24975 16.24975 16.24975 16.24975 17.01318 109.1535 260.0755 309.1347 309.1347
589.1433 844.772 493.2077 493.2077 493.2077 257.8235 169.8462 169.8462 169.8462 169.8462 175.4422 190.5207 177.887 172.0987 169.8462 169.8462 153.9599 103.109 102.6965 102.6965 138.8759 266.6754 266.6754 266.6754 266.6754 266.6754 266.6754 266.6754 266.6754 266.6754 296.4799 432.5458 468.7884 468.7884 468.7884 468.7884 468.7884 468.7884 468.7884 380.0695 79.28205 79.28205 79.28205 79.28205 79.28205 79.28205 79.28205 79.28205 80.19254 82.4152 95.29917 104.5627 127.2503 127.2503 126.6559 112.7138 127.2503 127.2503 94.21297 66.24879 36.09113 19.10525 16.36137 16.55674 16.55674 16.55674 16.55674 16.55674 16.55674 16.55674 16.55674 16.55674 16.55674 16.55674 16.55674 16.55674 16.55674 16.55674 16.55674 16.55674 16.55674 16.55674 16.55674 16.55674 16.55674 16.55674 16.55674 16.55674 16.55674 16.55674 16.55674 103.7222 304.887 314.9671 314.9744 314.9744
502.3151 502.3151 502.3151 502.3151 502.3151 502.2891 472.7739 339.4212 390.6128 445.2818 494.1891 430.4285 288.3465 302.3792 217.6489 196.3259 229.9095 246.5847 281.2963 270.5728 275.1946 283.9039 271.5991 271.5991 271.5991 271.5991 271.5991 271.5991 318.5644 450.9828 477.2359 477.4446 477.4446 477.4446 477.4446 477.4446 477.4446 472.0688 440.6805 153.2816 75.02082 74.72301 80.68704 80.74595 80.74595 80.74595 80.74595 80.74595 80.74595 80.74595 80.74595 89.12212 129.6 129.6 128.4139 116.5676 129.6 129.6 129.6 129.6 129.6 120.2685 93.8186 82.73277 16.51116 16.50237 16.4201 16.50352 16.52185 16.50816 16.55823 16.76626 16.86246 16.86246 16.86246 16.86246 16.40296 16.52969 16.57396 16.34132 16.43185 16.48877 16.54149 16.86246 16.86246 16.86246 16.86246 16.86246 16.86246 16.86246 16.86246 27.36675 50.76736 49.82782 140.4957 169.267
