projectPosts/joymap/rawData/glp10ag30.asc
ncols         720
nrows         286
xllcorner     -180
yllcorner     -58
cellsize      0.5000000000004
NODATA_value  -9999
[rows 215 to 257 of 286, columns 576 to 671 of 720]
0 0 0 0 0 0 0 0 0 0 0 722.4243 1744.154 983.2858 309.269 309.269 309.269 309.269 309.269 309.269 309.269 244.8626 95.44949 75.70408 75.70408 75.70408 75.70408 75.70408 75.70408 75.70408 75.70408 74.46803 75.70408 75.70408 75.70408 75.70408 75.70408 75.70408 75.70408 75.70408 69.91115 51.86497 94.31709 97.61144 97.61144 97.61144 97.61144 97.61144 90.60881 94.89708 97.61144 97.61144 73.75775 64.07654 64.07654 64.07654 64.07654 64.07654 64.07654 63.80693 33.48553 33.48553 33.48553 33.48553 33.48553 33.58829 101.8361 117.7624 117.7624 117.7624 300.1568 613.4034 560.8287 155.5275 122.9815 138.0151 258.5916 1156.944 1275.099 1313.973 1427.431 1447.771 2264.989 7046.268 7424.867 4058.49 0 0 0 0 0 0 0 0 0 0
0 0 0 0 0 0 0 0 0 0 0 281.5371 667.4793 422.1237 364.6949 308.6854 308.1222 308.1222 308.1222 277.0966 234.7997 105.0714 77.77991 77.77603 77.77991 76.62691 70.29462 70.27871 70.27871 53.76569 66.63879 70.27871 70.28024 69.74017 69.46453 69.46453 69.46453 69.46453 69.46453 69.46453 69.46453 65.6759 95.49868 97.2496 97.2496 97.2496 97.2496 97.2496 97.2496 85.7222 65.20573 66.99203 65.49775 63.8389 63.8389 63.8389 63.8389 63.8389 63.8389 63.57673 33.36138 32.65776 30.24812 33.32222 31.68844 35.06913 99.71222 117.3258 117.3258 182.1003 673.9902 683.7111 648.2972 292.0699 289.7283 205.0667 157.1942 386.624 1290.208 1893.888 1748.389 1534.224 1903.525 3097.584 29619.65 60172.31 27.53131 0.8263979 0 0 0 0 0 0 0 0
0 0 0 0 0 0 0 0 0 0 10.27725 408.5154 666.9122 666.9122 620.2392 217.2157 83.42894 93.31544 186.7865 129.9214 92.77416 92.77416 92.77416 92.77416 91.21728 61.30564 36.694 36.63183 36.63183 30.54864 35.53322 36.63183 36.63183 32.59841 30.53816 30.53816 30.53816 30.53816 30.53816 30.53816 30.53816 29.66349 95.67629 96.88008 96.88008 96.88008 96.88008 96.88008 96.88008 90.6711 69.22094 33307.64 63.59649 63.59649 63.59649 63.59649 63.59649 63.59649 63.59649 63.20475 17.65181 17.33538 16.85914 21.39674 16.5565 16.299 21.20021 55.85378 50.04622 165.5216 662.2466 663.8035 378.5602 427.7907 795.2805 643.4252 159.7463 156.5971 2632.722 3919.729 3301.249 2433.555 1817.917 2048.935 6014.535 2350.442 40612.71 18.57095 0.7003694 0 0 0 0 0 0 0
0 0 0 0 0 0 0 0 0 0 109.2701 363.4857 664.8351 659.3765 279.9296 18.75273 18.75273 18.75273 18.75273 49.52792 92.48509 92.48509 92.48509 92.48509 62.67266 36.51773 36.51773 36.51773 36.51773 36.51773 36.51773 36.51773 36.51773 32.49205 30.44304 30.44304 30.44304 30.44304 30.44304 30.44304 30.44304 30.44304 99.42706 99.4284 99.39581 99.4284 99.4284 99.42961 99.43811 99.08954 80.30897 63.3983 63.3983 65.55013 71.01717 71.14935 71.45029 71.97791 72.52631 72.62421 16.24824 15.73384 15.7704 16.24824 16.24824 16.24824 16.29534 18.5276 28.25728 28.98045 273.8559 231.9117 129.6288 289.32 515.4948 430.6793 272.5709 367.4955 2830.456 1375.446 370.4228 370.4228 1588.981 2425.258 3052.611 2508.105 8429.217 3009.753 23.3851 0 0 0 0 0 0 0
0 0 0 0 0 0 0 0 0 0 12.69001 517.8709 661.7504 617.1049 158.4287 18.66572 18.66572 18.66572 18.66572 59.76189 92.05603 92.05603 92.05603 92.05603 44.41526 36.34829 36.34829 36.34829 36.34829 36.34829 36.34829 36.34829 36.34829 32.3365 30.30176 30.30176 30.30176 30.30176 30.30176 30.30176 30.30176 30.30176 100.0516 100.0516 98.79972 83.82441 89.24593 100.0516 100.0516 100.0516 100.0166 83.68821 73.19193 91.49282 100.0516 100.0516 100.0516 100.0516 100.0516 99.36574 16.17285 16.17285 16.17285 14.99847 16.0152 18.82311 25.45872 26.53694 28.846 28.846 30.61939 82.61454 101.9002 260.132 402.8228 356.1949 201.2147 344.9622 373.3104 373.4582 365.3771 401.1073 1695.885 2498.961 3038.448 2639.185 2391.167 5389.803 77257.79 8.449089 6406.311 0 0 0 0 0
0 0 0 0 0 0 0 0 0 0.3694085 4.568126 233.0595 659.0635 480.3 18.58992 18.58992 18.58992 18.58992 23.51642 61.79828 91.68211 91.68211 91.68211 91.68211 50.76687 36.20068 36.20068 36.20068 36.20068 34.11586 34.91801 36.20068 36.20068 32.20041 30.17872 29.20743 30.17872 30.17872 30.17872 30.17872 30.17872 30.17872 99.64528 99.64528 99.64528 99.64528 99.64528 99.64528 99.64528 99.64528 99.64528 99.08916 98.79887 99.64528 99.64528 99.64528 99.64528 99.64528 99.64528 98.89284 16.10716 16.10716 16.10716 14.35495 15.46434 21.85678 28.72886 28.72886 28.72886 28.72886 30.38957 37.79459 62.9553 92.54237 310.4935 221.451 294.9796 405.3561 387.5572 268.2572 310.3834 438.517 600.0222 792.7151 2136.144 1030.189 1223.826 2995.454 15637.31 26500.82 22770.9 0 0 0 0 0
0 0 0 0 0 0 0 0 0 17.1878 61.13484 108.8653 496.1519 599.5394 131.6767 27.74627 16.2735 15.81072 51.49509 91.30133 91.30133 91.30133 91.30133 91.30133 42.95457 36.05033 36.05033 36.05033 35.42734 36.05033 36.03414 36.05033 34.53523 32.06071 30.05337 29.63383 30.05337 30.05337 30.05337 30.05337 30.05337 30.05337 99.23148 99.23148 99.23148 99.23148 99.23148 99.23148 99.23148 99.23148 99.23148 99.23148 99.23148 99.23148 99.23148 99.23148 99.20289 99.08939 98.91937 97.90332 16.13368 16.10492 16.08945 16.08814 16.08661 18.22571 28.60952 28.60952 43.08015 58.38086 59.95541 73.59996 73.01045 74.20268 118.0096 332.9411 391.6949 403.7686 325.6955 238.1236 361.212 530.8196 516.9371 515.5919 800.0007 1666.391 2209.718 3897.642 4918.451 20346.45 8411.759 0 0 0 0 0
0 0 0 0 0 0 0 0 0 0 90.49746 119.6695 193.1304 253.2604 232.6903 16.28464 15.11825 15.11825 31.23535 85.86428 90.91365 90.91365 90.91365 77.40006 35.97631 35.89724 35.89724 35.89724 28.80247 29.90804 33.49706 35.89724 35.37708 31.32921 29.92572 29.92572 29.92572 29.92572 29.92572 29.92572 29.92572 29.92572 29.44155 29.59394 29.47906 29.44156 29.58044 29.37145 29.47629 29.53968 29.47326 29.42377 29.46259 29.45534 29.34544 29.34544 29.34544 29.34544 29.34544 28.51402 29.34544 29.34544 29.34544 29.34544 29.34544 29.33965 23.07358 35.1178 64.72857 73.8875 73.8875 73.8875 73.8875 73.8875 185.9236 402.0544 402.0544 402.0544 359.7082 237.1122 318.0551 529.0267 633.6027 694.9968 1395.021 2248.967 4662.197 10028.24 6488.517 45114.09 44456.78 0 0 0 0 0
0 0 0 0 0 0 0 0 0 0 4.517139 163.6404 252.1608 252.1608 290.1419 23.79013 15.05262 15.05262 50.3786 134.1311 83.03038 90.06989 82.37733 39.26752 32.77039 35.53642 35.74135 34.79665 33.9606 31.44079 27.98866 32.34023 32.34023 30.38185 29.40177 29.40177 29.40177 29.40177 29.40177 29.40177 29.40177 29.40177 29.21805 29.21805 29.21805 29.21805 29.21805 29.21805 29.21805 29.21805 29.21805 29.21805 29.21805 29.21805 29.21805 29.21805 29.21805 29.21805 26.73722 22.38793 28.43281 29.21805 29.21805 29.21805 29.21805 29.24768 34.4802 43.31203 58.6274 71.51006 73.56673 73.56673 73.56673 73.56673 208.3386 397.8204 400.1894 400.3085 306.9622 237.4098 358.0757 8776.361 677.4334 1321.665 1742.396 2362.628 5105.045 14001.03 11739.72 66444.64 159223.3 0 0 0 0 0
0 0 0 0 0 0 0 0 0 0 0 30.00019 629.1685 543.7138 477.8479 24.77372 14.9858 24.7392 119.7343 188.4913 186.9165 116.2438 47.44901 33.69698 155.9236 181.1771 181.1771 60.60404 28.88799 28.88799 27.63223 28.88799 28.88799 28.88799 28.88799 28.88799 28.88799 28.88799 28.88799 28.88799 28.88799 28.88799 29.08842 29.08842 29.08842 29.08842 29.08842 29.08842 29.08842 29.08842 29.08842 29.08842 29.08842 29.08842 29.08842 29.08842 29.08842 29.08842 28.50599 26.85532 28.64218 29.08842 29.08842 29.08842 29.08842 29.16795 38.36509 38.36509 38.36509 44.12318 57.4854 67.58466 73.24029 80.96285 170.4018 195.6516 207.2194 364.1945 253.919 243.1408 257.6901 258.9325 270.0012 1058.455 1163.469 1912.232 20108.57 15143.15 17660.31 344316.4 569178.4 476.8216 0 0 0 0
0 0 0 0 0 0 0 0 0 0 0 0 686.7997 912.705 721.9805 296.7763 35.18902 62.55457 132.5388 172.8059 178.2274 87.86972 31.27183 31.27183 272.0876 365.4281 350.2021 251.0148 28.75703 28.75703 28.75703 28.75703 27.52559 28.75703 28.75703 28.75703 28.75703 28.75703 28.75703 28.75703 28.75703 28.75703 28.95655 28.95655 28.95655 28.95655 28.95655 28.95655 28.95655 28.95655 28.95655 28.95655 28.56529 27.11962 28.95655 28.62119 28.6681 26.39792 25.53354 28.8684 28.4755 28.95655 28.95655 28.95655 28.95655 29.04251 38.19118 38.19118 38.19118 38.19118 38.19118 39.6673 86.27616 177.6165 179.3563 179.3563 179.3563 185.0733 282.8962 445.5759 467.4215 470.1567 470.8535 1055.163 917.5181 1605.173 4919.589 118730.7 33249.34 332295.9 804210.5 31.40853 0 0 0 0
0 0 0 0 0 0 0 0 0 0 0 6193.573 339.4931 846.5885 590.0278 267.9623 124.6209 70.03306 112.7726 204.0086 200.9697 56.74455 31.12706 28.92838 258.8577 363.7361 363.7361 308.0931 28.62393 28.62393 28.62393 28.62393 27.95418 28.37471 28.62393 28.62393 28.62393 28.62393 28.62393 28.62393 28.62393 28.62393 28.82253 28.82253 28.82253 28.82253 28.82253 28.82253 28.82253 28.82253 28.82253 28.82253 28.03309 25.43503 25.32314 27.05993 25.65127 23.70312 0.984275 21.65165 26.88765 28.82253 28.82253 28.82253 28.82253 28.91684 38.01441 38.01441 38.01441 38.01441 38.01441 38.01441 38.01441 135.1648 178.526 178.526 178.526 209.3958 545.1813 545.1813 545.1813 551.6693 626.6446 674.4675 672.2186 1021.674 1845.182 5763.325 21165.89 18544.75 283374.3 40011.53 0 0 0 0
0 0 0 0 0 0 0 0 0 0 0 2415.677 160.0101 24745.58 3126.073 547.0491 308.3227 102.3068 69.70203 121.9107 172.0609 33.63081 27.17669 21.8098 16.26604 208.2231 342.1252 218.709 24.7885 28.48862 28.48862 28.48862 26.43095 28.28339 28.48862 28.48862 28.48862 28.48862 28.48862 28.48862 28.48862 28.48862 28.6863 28.6863 28.6863 28.6863 28.6863 28.6863 28.6863 28.6863 28.6863 28.6863 28.6863 859.6008 27.05105 28.06363 28.6863 23.39931 5.590147 16.37387 28.6863 27.40032 27.24537 28.6863 28.6863 28.76337 37.83475 37.83475 37.83475 37.83475 37.83475 37.83475 39.01993 148.0777 177.6821 177.6821 177.6821 233.5321 542.6039 542.6039 542.6039 557.1934 1699.382 2337.651 7713.139 1731.98 2784.811 10033.88 3674.473 10922.95 102192.8 28207.18 0 0 0 0
0 0 0 0 0 0 0 0 0 0 0 0 0 1069.233 2390.639 969.9031 613.7054 261.6956 90.92278 57.87376 34.34237 21.09825 14.26713 11.00943 13.83451 24.72721 96.65371 153.7938 215.629 16.48594 14.73504 14.82942 14.82942 14.82942 14.82942 14.82942 14.82942 14.82942 14.82942 14.82942 14.82942 14.82942 28.54785 28.54785 28.54785 26.58804 26.02739 28.54785 28.54785 28.54785 28.54785 28.54785 28.54785 2651.303 28.54785 28.54785 28.31353 26.57603 18.05326 31.10851 46.75062 29.39071 26.55872 22.55465 28.54785 28.58017 37.48565 37.48565 37.48565 37.48565 37.48565 37.48565 83.61556 310.9538 310.8487 310.9627 320.3248 362.0485 363.668 785.2572 1215.329 1955.12 2773.197 2773.197 2291.53 1991.645 2276.294 2479.805 2737.793 4695.178 20946.41 0 0 0 0 0
0 0 0 0 0 0 0 0 0 0 0 0 0 116.1336 1585.969 1072.987 652.3104 427.3952 357.6761 172.7323 199.5225 179.2533 77.29565 13.99505 13.76638 13.56587 11.75653 13.16143 12.18443 13.66083 12.70455 13.76638 13.76638 13.76638 13.76638 13.76638 13.76638 13.76638 13.76638 13.76638 13.76638 13.76638 28.40725 28.40725 28.40725 28.18731 27.99006 28.40725 28.40725 28.40725 28.40725 28.40725 28.40725 28.40725 28.40725 28.40725 27.73746 28.40725 28.38999 72.66597 95.69472 67.20525 55.52942 46.06408 25.19001 28.43326 37.30105 37.30105 37.30105 37.30105 37.30105 37.30105 212.441 299.0721 300.2172 309.4808 311.4737 356.9123 485.3491 1209.708 1209.708 1327.085 2892.508 2959.676 2443.337 2140.28 12039.97 9969.476 2111.773 23176.39 11298.12 0 0 0 0 0
0 0 0 0 0 0 0 0 0 0 0 0 0 16.22173 1143.68 1325.808 1673.522 823.6456 756.2102 290.9463 421.868 300.3916 294.3394 252.8497 423.3541 494.0587 702.8781 711.5873 705.2014 634.7048 715.4546 715.853 715.853 710.7559 700.562 691.8759 686.126 680.452 575.6417 366.3546 371.4572 389.7981 28.26448 28.26448 28.26448 28.26448 28.26448 28.26448 28.26448 28.26448 28.26448 28.26448 28.26448 28.26448 28.26448 28.26448 28.26448 251.1044 32.04662 90.8368 99.84247 99.84247 99.84247 89.70214 96.0377 99.62841 37.11358 37.11358 37.11358 39.69188 81.27444 93.80959 171.4728 307.9252 307.9252 307.9252 318.4433 358.7386 746.3863 1208.754 1253.464 1500.948 3365.274 3432.219 2717.31 2611.838 4374.744 9144.708 3773.743 40953.03 39452.6 0 0 0 0 0
0 0 0 0 0 0 0 0 0 0 0 0 0 0 966.8914 1422.231 1783.626 1497.549 1093.398 400.1695 586.4112 296.9856 255.0005 279.2197 611.2982 616.5248 757.1133 936.2837 917.6285 994.0548 994.0548 994.0548 994.0548 994.0548 994.0548 994.0548 994.0548 994.0548 994.0548 994.0548 994.0548 994.0549 28.11957 28.11957 28.11957 28.11957 28.11957 28.11957 28.11957 28.11957 28.11957 28.11957 28.11957 28.11957 27.96428 28.11957 28.11957 2702.104 26.1127 17.97268 98.24467 99.33047 99.22778 23.8399 97.57159 99.22989 36.92332 36.92332 36.92332 94.05765 160.0243 160.0243 179.4712 310.2386 341.4482 333.0405 395.3996 486.8191 777.0041 1369.532 1513.087 2001.028 3220.256 4323.98 5983.367 5470.779 6368.347 22027.64 10026.83 30469.08 1127.283 0 0 0 0 0
0 0 0 0 0 0 0 0 0 0 0 0 0 0 450.1104 9705.791 4155.795 2108.535 1498.144 1262.598 2218.118 356.3409 291.2993 294.6456 613.2996 613.2996 613.2996 585.8304 744.4752 768.7888 788.5547 798.3046 805.6831 806.33 858.1739 796.3376 769.2686 762.6668 629.0521 478.5625 727.9961 754.8406 35.41863 50.75138 52.68274 51.04419 53.94205 55.75788 55.25055 27.9725 27.9725 27.9725 27.9725 26.53695 19.03098 16.03404 23.23406 22.78574 26.94223 10.07506 80.89364 98.81102 98.80608 86.41844 75.92596 44.65325 36.73019 36.73019 36.73019 104.7859 159.1873 159.1873 317.7253 386.8168 386.8168 386.8168 442.3303 696.2797 757.2031 969.2462 1532.93 2275.17 2837.128 4338.629 7075.759 47824.54 4932.925 1774.368 27121.73 34462.57 459.5523 0 0 0 0 0
0 0 0 0 0 0 0 0 0 0 0 0 0 0 160.8857 777155.1 114029.2 13021.22 2227.781 1787.645 2257.597 1371.685 299.0984 291.1405 438.8061 443.666 450.7187 374.9779 320.8417 64.89339 64.89339 64.89339 64.89339 64.89339 64.89339 64.89339 64.89339 64.89339 64.89339 64.89339 61.95818 37.82246 28.09195 19.79127 15.14774 16.39342 5.08771 40.69998 84.85228 79.92838 508.9756 588.3071 243.2661 42.22558 29.71261 19.67668 15.4491 21.5757 26.48052 43.53255 410.0454 219.3097 42.23347 28.3059 28.3059 28.30673 23623.16 36.53434 36.53434 95.68285 158.3383 153.6853 233.252 384.6167 384.7543 384.7543 465.6266 696.1947 742.9318 1168.854 2395.812 8207.862 2812.824 2681.8 3127.821 4561.217 5328.841 9304.376 33359.93 21476.82 0 0 0 0 0 0
0 0 0 0 0 0 0 0 0 0 0 0 0 0 2202.115 484848.4 130472 2199.899 2007.076 1553.087 963.4855 698.1769 510.879 437.1083 60.39099 61.88825 64.5405 56.97754 64.5405 64.5405 64.5405 64.5405 64.5405 64.5405 64.5405 51.82421 34.18982 38.85736 33.90076 17.57139 2.597931 0 0 0 0 0 0 0 2.137267 2.338526 375.6807 944.1808 1509.522 405.217 37.29917 17.49359 53.3576 61.14079 78.25732 4823.876 1761.684 243.3514 42.03182 28.15198 28.15198 28.15198 2082.727 36.33564 67.69413 153.237 157.4773 157.4773 228.4038 370.0663 382.6619 382.6619 395.0385 939.9999 1342.05 3652.89 9181.285 26860.66 6143.59 6700.827 3995.339 11415.64 10564.24 13472.95 25146.83 1679.31 0 0 0 0 0 0
0 0 0 0 0 0 0 0 0 0 0 0 0 0 0 49053.27 8314.848 1369.539 7682.154 1292.003 609.5883 572.8715 571.6404 525.3861 187.307 420.3115 763.116 706.5805 769.9839 770.1144 739.1404 287.8208 161.9769 48.22851 18.80504 0.9204119 0 0 0 0 0 0 0 0 0 0 0 0 0 0 0.3246084 14.87044 530.5164 845.696 543.0556 239.9585 319.3813 73.8632 2728.059 19948.14 2444.108 3200.825 186.5585 27.99589 27.99589 27.99589 38.25278 36.12501 90.10123 342.3651 439.5402 198.5818 156.6042 168.0703 397.6598 398.3604 380.5403 1223.026 1511.901 6827.304 7586.803 9131.173 7700.505 7040.633 7028.579 15297.92 59143.51 314941.3 12581.79 0 0 0 0 0 0 0
0 0 0 0 0 0 0 0 0 0 0 0 0 0 0 52095.92 14396.65 1329.234 2367.885 1718.953 732.4518 510.8275 520.7364 483.7711 322.5897 568.1696 872.829 872.829 872.829 872.829 872.829 870.1044 146.8724 0 0 0 0 0 0 0 0 0 0 0 0 0 0 0 0 0 0 0 142.1206 419.0505 652.8843 693.6987 963.9926 636.5104 13747.44 11036.19 11124.32 2371.905 456.724 33.42399 33.42399 33.42399 433.1051 669.2014 720.5917 860.2053 621.3395 359.5244 318.1086 397.2264 498.2917 487.8281 937.989 1441.193 2205.485 6861.556 6980.898 6250.326 46967.48 38418.16 16640.83 87576.52 383896.1 72322.45 0 0 0 0 0 0 0 0
0 0 0 0 0 0 0 0 0 0 0 0 0 328.7355 18389.73 14581.79 5157.071 1740.387 2564.573 5042.081 810.299 635.7759 586.0244 312.5098 283.8097 387.1284 595.855 634.2851 764.7052 699.9635 736.0006 426.8575 1.21574 0 0 0 0 0 0 0 0 0 0 0 0 0 0 0 0 0 0 0 4.895527 58.14272 529.3982 931.9241 1197.353 737.8821 208.3745 8176.062 4203.817 6840.165 1617.381 608.8726 240.141 91.41673 833.8535 857.4871 857.4871 810.8846 381.3042 425.4157 435.34 879.4313 573.7615 499.9257 1348.187 2223.959 2458.532 4400.681 5777.305 11218.22 7146.954 5293.951 71027.02 1161312 2275206 0 0 0 0 0 0 0 0 0
0 0 0 0 0 0 0 0 0 0 0 0 0 14.02607 5062.395 2040.277 5618.532 2326.227 1490.825 1569.496 2247.355 2260.709 589.4243 49.00855 0 0 0 3.663502 9.693581 1.358314 6.7949 1.80596 0 0 0 0 0 0 0 0 0 0 0 0 0 0 0 0 0 0 0 0 0 0 824.0792 2425.071 1314.407 0 165.1156 7938.635 6782.041 12638.98 6861.35 3379.997 7947.891 20052.97 683.3883 1812.276 47761.99 638.1581 409.1474 609.3112 728.3606 959.9141 767.7311 12290.88 17900.61 3693.147 4215.535 7581.903 10429.52 5373.749 3489.473 4056.166 33842.42 430491.5 174368.6 0 0 0 0 0 0 0 0 0
0 0 0 0 0 0 0 0 0 0 0 0 0 0 0 753.3464 3549.736 4407.505 4233.036 7466.114 6448.393 1734.177 3.731394 0 0 0 0 0 0 0 0 0 0 0 0 0 0 0 0 0 0 0 0 0 0 0 0 0 0 0 0 0 0 0 320.7773 14625.08 22.61424 14.3957 688.5836 4647.644 47395.59 831781.4 12881.92 2714.041 2312.387 2019.314 661.5199 661.5199 665.2713 5460.692 1968.268 1692.004 934.3234 769.6893 1379.773 2234.729 11151.5 8824.051 10651.6 9176.628 7825.133 7206.998 3851.766 28785.92 35914.13 128650.9 0 0 0 0 0 0 0 0 0 0
0 0 0 0 0 0 0 0 0 0 0 0 0 0 0 0 7.778312 355.9901 486.0872 16119.23 68.99368 0 0 0 0 0 0 0 0 0 0 0 0 0 0 0 0 0 0 0 0 0 0 0 0 0 0 0 0 0 0 0 0 0 0 2.485605 0.1988162 207.9899 801.6724 1314.535 30714.91 281708.2 18018.55 3645.514 985.3083 1061.812 657.4915 718.6413 985.0958 2194.68 3809.533 13321.66 1467.903 1649.382 1266.314 1684.387 1630.816 7635.402 27048.19 23091.23 7281.987 5138.408 368929 3386.768 37653.6 7986.786 0 0 0 0 0 0 0 0 0 0
0 0 0 0 0 0 0 0 0 0 0 0 0 0 0 0 0 0 0 0 0 0 0 0 0 0 0 0 0 0 0 0 0 0 0 0 0 0 0 0 0 0 0 0 0 0 0 0 0 0 0 0 0 0 0 0 0 1133.742 1766.69 1068.273 4121.166 5704.672 1944.672 1289.691 1050.891 1881.678 1262.203 2415.22 1953.553 2071.217 4268.916 8315.809 6099.917 9589.064 11498.55 11755.28 8981.845 11272.17 6072.477 4743.604 5381.355 4874.606 6941.148 11696.55 15816.33 0 0 0 0 0 0 0 0 0 0 0
0 0 0 0 0 0 0 0 0 0 0 0 0 0 0 0 0 0 0 0 0 0 0 0 0 0 0 0 0 0 0 0 0 0 0 0 0 0 0 0 0 0 0 0 0 0 0 0 0 0 0 0 0 0 0 0 0 98.33482 97.95253 27.25207 0 0 3.028935 1249.15 2489.364 2687.641 1882.081 2457.061 4070.932 4254.978 3885.752 3795.909 6741.806 29113.71 62641.21 15855.06 29424.46 91244.09 10154.65 1885.829 3679.616 8069.602 6259.58 17439.63 5422.637 0 0 0 0 0 0 0 0 0 0 0
0 0 0 0 0 0 0 0 0 0 0 0 0 0 0 0 0 0 0 0 0 0 0 0 0 0 0 0 0 0 0 0 0 0 0 0 0 0 0 0 0 0 0 0 0 0 0 0 0 0 0 0 0 0 0 0 0 0 0 0 0 0 0 674.2695 1769.613 7470.854 1597.504 2480.571 18640.16 6643.9 4947.225 6529.904 92641.91 10002.06 11708.96 15946.68 8126.588 9579.359 6562.574 1593.714 4133.324 5367.326 4348.286 12222.35 361.0592 0 0 0 0 0 0 0 0 0 0 0
0 0 0 0 0 0 0 0 0 0 0 0 0 0 0 0 0 0 0 0 0 0 0 0 0 0 0 0 0 0 0 0 0 0 0 0 0 0 0 0 0 0 0 0 0 0 0 0 0 0 0 0 0 0 0 0 0 0 0 0 0 0 0 1024.077 2716.384 3800.95 2112.657 3262.875 4317.972 8292.317 6611.271 31243.13 35351.67 39481.92 23150.51 8316.722 6977.088 7923.742 6722.531 1537.105 1939.29 1953.584 3496.487 10167.15 111.88 0 0 0 0 0 0 0 0 0 0 0
0 0 0 0 0 0 0 0 0 0 0 0 0 0 0 0 0 0 0 0 0 0 0 0 0 0 0 0 0 0 0 0 0 0 0 0 0 0 0 0 0 0 0 0 0 0 0 0 0 0 0 0 0 0 0 0 0 0 0 0 0 0 0 0 6335.701 34173.94 4376.519 5517.288 13382.21 5629.328 8889.64 92699.41 26254.72 1187323 1955278 48324.95 9770.951 7788.874 5151.698 27169.94 1525.802 1141.374 1080.56 443.6653 0 0 0 0 0 0 0 0 0 0 0 0
0 0 0 0 0 0 0 0 0 0 0 0 0 0 0 0 0 0 0 0 0 0 0 0 0 0 0 0 0 0 0 0 0 0 0 0 0 0 0 0 0 0 0 0 0 0 0 0 0 0 0 0 0 0 0 0 0 0 0 0 0 0 0 0 0 576.2872 2265.404 15684.41 22058.04 26371.85 10290.42 23611.2 197344.6 64923.38 489272.4 51252.46 68688.31 30180.49 21688.34 2104.611 0 0 0 0 0 0 0 0 0 0 0 0 0 0 0 0
0 0 0 0 0 0 0 0 0 0 0 0 0 0 0 0 0 0 0 0 0 0 0 0 0 0 0 0 0 0 0 0 0 0 0 0 0 0 0 0 0 0 0 0 0 0 0 0 0 0 0 0 0 0 0 0 0 0 0 0 0 0 0 0 0 0 0 0 0 1603.076 4257.262 3167.186 4.140341 1.505216 3632.944 15430.96 8651.202 3188.884 20.53207 0 0 0 0 0 0 0 0 0 0 0 0 0 0 0 0 0
0 0 0 0 0 0 0 0 0 0 0 0 0 0 0 0 0 0 0 0 0 0 0 0 0 0 0 0 0 0 0 0 0 0 0 0 0 0 0 0 0 0 0 0 0 0 0 0 0 0 0 0 0 0 0 0 0 0 0 0 0 0 0 0 0 0 0 0 0 0 0 0 0 0 0 0 752.4892 0 0 0 0 0 0 0 0 0 0 0 0 0 0 0 0 0 0 0
0 0 0 0 0 0 0 0 0 0 0 0 0 0 0 0 0 0 0 0 0 0 0 0 0 0 0 0 0 0 0 0 0 0 0 0 0 0 0 0 0 0 0 0 0 0 0 0 0 0 0 0 0 0 0 0 0 0 0 0 0 0 0 0 0 0 0 0 0 0 0 792.738 630.3925 0 0 0 0 0 0 177.1155 129.2225 0 0 0 0 0 0 0 0 0 0 0 0 0 0 0
0 0 0 0 0 0 0 0 0 0 0 0 0 0 0 0 0 0 0 0 0 0 0 0 0 0 0 0 0 0 0 0 0 0 0 0 0 0 0 0 0 0 0 0 0 0 0 0 0 0 0 0 0 0 0 0 0 0 0 0 0 0 0 0 0 0 0 0 0 0 0 226.2131 116.6552 152.6473 0 0 0 0 0 50.88578 532.8708 0 0 0 0 0 0 0 0 0 0 0 0 0 0 0
0 0 0 0 0 0 0 0 0 0 0 0 0 0 0 0 0 0 0 0 0 0 0 0 0 0 0 0 0 0 0 0 0 0 0 0 0 0 0 0 0 0 0 0 0 0 0 0 0 0 0 0 0 0 0 0 0 0 0 0 0 0 0 0 0 0 0 0 0 0 0 0 0 1592.291 1382.124 6015.805 0 2.284596 159.3732 1468.847 1016.857 0 0 0 0 0 0 0 0 0 0 0 0 0 0 0
0 0 0 0 0 0 0 0 0 0 0 0 0 0 0 0 0 0 0 0 0 0 0 0 0 0 0 0 0 0 0 0 0 0 0 0 0 0 0 0 0 0 0 0 0 0 0 0 0 0 0 0 0 0 0 0 0 0 0 0 0 0 0 0 0 0 0 0 0 0 0 0 0 2171.574 2940.958 27318.17 48223.61 24890.15 69504.55 4724.394 2202.086 0 0 0 0 0 0 0 0 0 0 0 0 0 0 0
0 0 0 0 0 0 0 0 0 0 0 0 0 0 0 0 0 0 0 0 0 0 0 0 0 0 0 0 0 0 0 0 0 0 0 0 0 0 0 0 0 0 0 0 0 0 0 0 0 0 0 0 0 0 0 0 0 0 0 0 0 0 0 0 0 0 0 0 0 0 0 0 0 322.9501 1508.381 2413.472 5636.103 3264.379 12057.68 2589.513 2055.698 0 0 0 0 0 0 0 0 0 0 0 0 0 0 0
0 0 0 0 0 0 0 0 0 0 0 0 0 0 0 0 0 0 0 0 0 0 0 0 0 0 0 0 0 0 0 0 0 0 0 0 0 0 0 0 0 0 0 0 0 0 0 0 0 0 0 0 0 0 0 0 0 0 0 0 0 0 0 0 0 0 0 0 0 0 0 0 0 0 617.2249 1445.609 838.9945 738.8194 2635.064 3260.067 692.1738 0 0 0 0 0 0 0 0 0 0 0 0 0 0 0
0 0 0 0 0 0 0 0 0 0 0 0 0 0 0 0 0 0 0 0 0 0 0 0 0 0 0 0 0 0 0 0 0 0 0 0 0 0 0 0 0 0 0 0 0 0 0 0 0 0 0 0 0 0 0 0 0 0 0 0 0 0 0 0 0 0 0 0 0 0 0 0 0 0 336.7776 1487.917 1371.273 2055.685 158205.3 16112.96 157.4774 0 0 0 0 0 0 0 0 0 0 0 0 0 0 0
0 0 0 0 0 0 0 0 0 0 0 0 0 0 0 0 0 0 0 0 0 0 0 0 0 0 0 0 0 0 0 0 0 0 0 0 0 0 0 0 0 0 0 0 0 0 0 0 0 0 0 0 0 0 0 0 0 0 0 0 0 0 0 0 0 0 0 0 0 0 0 0 0 0 0 658.6655 4433.018 5104.382 17686.42 2145.004 5.39257 0 0 0 0 0 0 0 0 0 0 0 0 0 0 0
0 0 0 0 0 0 0 0 0 0 0 0 0 0 0 0 0 0 0 0 0 0 0 0 0 0 0 0 0 0 0 0 0 0 0 0 0 0 0 0 0 0 0 0 0 0 0 0 0 0 0 0 0 0 0 0 0 0 0 0 0 0 0 0 0 0 0 0 0 0 0 0 0 0 0 0 315.9678 777.216 18.49202 0 0 0 0 0 0 0 0 0 0 0 0 0 0 0 0 0
