projectPosts/joymap/rawData/glp15ag30.asc
ncols         720
nrows         286
xllcorner     -180
yllcorner     -58
cellsize      0.5000000000004
NODATA_value  -9999
[rows 215 to 257 of 286, columns 576 to 671 of 720]
0 0 0 0 0 0 0 0 0 0 0 760.7867 1836.833 1035.514 325.6381 325.6381 325.6381 325.6381 325.6381 325.6381 325.6381 257.8225 100.5007 79.71021 79.71021 79.71021 79.71021 79.71021 79.71021 79.71021 79.71021 78.40878 79.71021 79.71021 79.71021 79.71021 79.71021 79.71021 79.71021 79.71021 73.61079 54.6095 99.98203 103.4742 103.4742 103.4742 103.4742 103.4742 96.05099 100.5968 103.4742 103.4742 78.189 67.92699 67.92699 67.92699 67.92699 67.92699 67.92699 67.64277 35.67745 35.67745 35.67745 35.67745 35.67745 35.78696 108.5091 125.4795 125.4795 125.4795 319.7604 653.4177 597.4103 165.6603 130.9913 147.0112 275.4556 1232.365 1358.222 1399.704 1520.623 1542.226 2412.711 7505.678 7908.957 4323.095 0 0 0 0 0 0 0 0 0 0
0 0 0 0 0 0 0 0 0 0 0 296.4374 702.8037 444.4655 383.9975 325.0236 324.4305 324.4305 324.4305 291.7662 247.2347 110.635 81.899 81.89489 81.899 80.68347 74.01498 73.99818 73.99818 56.611 70.16565 73.99818 73.99985 73.43148 73.14143 73.14143 73.14143 73.14143 73.14143 73.14143 73.14143 69.15186 101.2343 103.0904 103.0904 103.0904 103.0904 103.0904 103.0904 90.87132 69.12397 71.01742 69.43349 67.67512 67.67512 67.67512 67.67512 67.67512 67.67512 67.39873 35.54517 34.79617 32.23103 35.50349 33.76428 37.37442 106.2488 125.0142 125.0142 194.01 717.9575 728.3118 690.5639 310.8929 308.6302 218.4434 167.4486 411.8334 1374.388 2017.57 1862.59 1634.335 2027.695 3299.634 31551 64096.64 29.32633 0.8802785 0 0 0 0 0 0 0 0
0 0 0 0 0 0 0 0 0 0 10.82117 430.1357 702.2083 702.2083 653.0648 228.7101 87.84034 98.25031 196.6707 136.8098 97.70746 97.70746 97.70746 97.70746 96.06762 64.55809 38.63936 38.57391 38.57391 32.16825 37.41707 38.57391 38.57391 34.32933 32.16121 32.16121 32.16121 32.16121 32.16121 32.16121 32.16121 31.24006 101.4228 102.6989 102.6989 102.6989 102.6989 102.6989 102.6989 96.11731 73.38006 35309.1 67.4181 67.4181 67.4181 67.4181 67.4181 67.4181 67.4181 67.00372 18.8217 18.48485 17.97788 22.80831 17.65571 17.38159 22.60327 59.52257 53.34554 176.35 705.4484 707.094 403.0574 455.5113 847.2048 685.4234 170.1662 166.8126 2804.421 4175.358 3516.544 2592.276 1936.507 2182.592 6406.045 2503.723 43260.92 19.78463 0.7461357 0 0 0 0 0 0 0
0 0 0 0 0 0 0 0 0 0 115.0531 382.7228 700.0211 694.2735 294.7414 19.73971 19.73971 19.73971 19.73971 52.15565 97.40301 97.40301 97.40301 97.40301 66.00229 38.45376 38.45376 38.45376 38.45376 38.45376 38.45376 38.45376 38.45376 34.21732 32.06102 32.06102 32.06102 32.06102 32.06102 32.06102 32.06102 32.06102 105.3992 105.4007 105.3661 105.4007 105.4007 105.402 105.411 105.0414 85.1336 67.20803 67.20803 69.48899 75.28415 75.42429 75.74328 76.30257 76.8839 76.98843 17.32746 16.77889 16.81787 17.32746 17.32746 17.32746 17.3777 19.75895 30.138 30.90944 291.7445 247.0254 137.9682 308.0836 549.0832 458.711 290.3591 391.4699 3015.05 1465.145 394.5757 394.5757 1692.634 2583.401 3251.612 2671.612 8978.899 3206.46 24.91344 0 0 0 0 0 0 0
0 0 0 0 0 0 0 0 0 0 13.36218 545.2792 696.7736 649.7642 166.8095 19.64815 19.64815 19.64815 19.64815 62.93522 96.95115 96.95115 96.95115 96.95115 46.77213 38.27537 38.27537 38.27537 38.27537 38.27537 38.27537 38.27537 38.27537 34.05355 31.91226 31.91226 31.91226 31.91226 31.91226 31.91226 31.91226 31.91226 106.0615 106.0615 104.7344 88.85946 94.60676 106.0615 106.0615 106.0615 106.0243 88.71579 77.58942 96.98891 106.0615 106.0615 106.0615 106.0615 106.0615 105.3352 17.24706 17.24706 17.24706 15.99466 17.07894 20.07419 27.15269 28.30288 30.76604 30.76604 32.65263 87.96715 108.484 277.0392 429.0273 379.4149 214.5156 367.4902 397.6494 397.8073 389.2032 427.2598 1806.51 2661.889 3236.524 2811.257 2547.129 5741.841 82297.04 9.000458 6824.087 0 0 0 0 0
0 0 0 0 0 0 0 0 0 0.3890136 4.810563 245.3941 693.9435 505.7181 19.56832 19.56832 19.56832 19.56832 24.75748 65.08031 96.5573 96.5573 96.5573 96.5573 53.46223 38.11993 38.11993 38.11993 38.11993 35.92458 36.76926 38.11993 38.11993 33.9102 31.78265 30.75975 31.78265 31.78265 31.78265 31.78265 31.78265 31.78265 105.6307 105.6307 105.6307 105.6307 105.6307 105.6307 105.6307 105.6307 105.6307 105.0412 104.7335 105.6307 105.6307 105.6307 105.6307 105.6307 105.6307 104.834 17.177 17.177 17.177 15.30843 16.49149 23.31036 30.64109 30.64109 30.64109 30.64109 32.40793 40.28614 67.05389 98.5534 330.7056 236.0452 314.3007 431.7659 412.8174 285.8125 330.6727 467.1089 639.1284 844.3788 2275.398 1097.368 1303.523 3190.72 16656.36 28229 24255.98 0 0 0 0 0
0 0 0 0 0 0 0 0 0 18.09999 64.37936 114.6421 522.4106 631.2736 138.661 29.2175 17.13716 16.65151 54.23245 96.15625 96.15625 96.15625 96.15625 96.15625 45.23404 37.9616 37.9616 37.9616 37.3056 37.9616 37.94455 37.9616 36.36618 33.76311 31.65066 31.20882 31.65066 31.65066 31.65066 31.65066 31.65066 31.65066 105.192 105.192 105.192 105.192 105.192 105.192 105.192 105.192 105.192 105.192 105.192 105.192 105.192 105.192 105.1611 105.0383 104.8544 103.7746 17.1935 17.16647 17.15193 17.15069 17.14925 19.43164 30.5138 30.5138 45.90914 62.18762 63.86279 78.37935 77.75217 79.02058 125.6843 354.6989 417.2262 430.0753 346.9596 253.7317 384.8163 565.4413 550.6238 549.1879 852.1749 1775.056 2353.677 4151.443 5238.7 21673.45 8960.427 0 0 0 0 0
0 0 0 0 0 0 0 0 0 0 95.3003 126.0205 203.3732 266.7014 245.0399 17.15283 15.92456 15.92456 32.89815 90.43021 95.74793 95.74793 95.74793 81.51447 37.88363 37.80035 37.80035 37.80035 30.32951 31.4937 35.27295 37.80035 37.25262 32.99282 31.51622 31.51622 31.51622 31.51622 31.51622 31.51622 31.51622 31.51623 29.70804 29.87288 29.74862 29.70805 29.85828 29.63222 29.74563 29.81419 29.74235 29.68881 29.7308 29.72296 29.60408 29.60408 29.60408 29.60408 29.60408 28.76534 29.60408 29.60408 29.60408 29.60408 29.60408 29.60936 24.60938 37.4361 68.94064 78.68491 78.68491 78.68491 78.68491 78.68491 198.026 428.2486 428.2486 428.2486 383.1677 252.6539 338.8555 563.5331 675.0799 740.4066 1486.036 2395.777 4966.583 10682.69 6911.225 48056.73 47357.78 0 0 0 0 0
0 0 0 0 0 0 0 0 0 0 4.756871 172.3251 265.5436 265.5436 305.5365 25.05622 15.8554 15.8554 53.06092 141.2675 87.4457 94.85928 86.75682 41.35027 34.50779 37.42046 37.63626 36.64024 35.75879 33.10223 29.46861 34.05039 34.05039 31.98945 30.95806 30.95806 30.95806 30.95806 30.95806 30.95806 30.95806 30.95806 29.47556 29.47556 29.47556 29.47556 29.47556 29.47556 29.47556 29.47556 29.47556 29.47556 29.47556 29.47556 29.47556 29.47556 29.47556 29.47556 26.97286 22.58525 28.6834 29.47556 29.47556 29.47556 29.47556 29.51928 36.73875 46.13742 62.4349 76.15323 78.34333 78.34333 78.34333 78.34333 221.9027 423.7389 426.2628 426.3897 327.0148 252.9716 381.479 9348.479 721.9675 1408.001 1856.079 2516.838 5437.954 14914.05 12505.01 70777.56 169606.2 0 0 0 0 0
0 0 0 0 0 0 0 0 0 0 0 31.59214 662.5369 572.552 503.1912 26.09114 15.78507 26.06004 126.1111 198.5218 196.8631 122.4233 49.95829 35.47386 164.1654 190.7545 190.7545 63.80628 30.41086 30.41086 29.08891 30.41086 30.41086 30.41086 30.41086 30.41086 30.41086 30.41086 30.41086 30.41086 30.41086 30.41086 29.34479 29.34479 29.34479 29.34479 29.34479 29.34479 29.34479 29.34479 29.34479 29.34479 29.34479 29.34479 29.34479 29.34479 29.34479 29.34479 28.75723 27.09201 28.89462 29.34479 29.34479 29.34479 29.34479 29.4435 40.8583 40.8583 40.8583 46.98991 61.21891 71.97319 77.99576 86.219 181.4636 208.3528 220.6768 387.915 270.5446 259.0804 274.5877 275.9107 287.7013 1127.549 1239.414 2037.003 21419.87 16131.29 18811.7 366766.2 606299.8 507.8633 0 0 0 0
0 0 0 0 0 0 0 0 0 0 0 0 723.2206 961.1056 760.2064 312.4833 37.06866 65.89762 139.559 181.9138 187.6482 92.50849 32.90862 32.90862 286.4616 384.7391 368.7085 264.2784 30.273 30.273 30.273 30.273 28.97664 30.273 30.273 30.273 30.273 30.273 30.273 30.273 30.273 30.273 29.21178 29.21178 29.21178 29.21178 29.21178 29.21178 29.21178 29.21178 29.21178 29.21178 28.81706 27.35865 29.21178 28.87346 28.92079 26.63059 25.75858 29.12286 28.7265 29.21178 29.21178 29.21178 29.21178 29.31847 40.67308 40.67308 40.67308 40.67308 40.67308 42.24495 91.87633 189.1397 190.9923 190.9923 190.9923 197.0832 301.3852 474.6826 497.9546 500.8676 501.6156 1124.051 977.4423 1709.837 5240.614 126473.6 35417.03 353966.5 856662.4 33.45327 0 0 0 0
0 0 0 0 0 0 0 0 0 0 0 6521.493 357.4965 891.3474 620.9584 282.1451 131.2431 73.77598 118.7372 214.7153 211.516 59.7188 32.75628 30.44277 272.5331 382.9578 382.9578 324.3734 30.13283 30.13283 30.13283 30.13283 29.42778 29.87047 30.13283 30.13283 30.13283 30.13283 30.13283 30.13283 30.13283 30.13283 29.07655 29.07655 29.07655 29.07655 29.07655 29.07655 29.07655 29.07655 29.07655 29.07655 28.28016 25.65918 25.5463 27.2984 25.87732 23.91201 0.9929498 21.84245 27.12461 29.07655 29.07655 29.07655 29.07655 29.19359 40.48483 40.48483 40.48483 40.48483 40.48483 40.48483 40.48483 143.9351 190.1083 190.1083 190.1083 222.9992 580.7682 580.7682 580.7682 587.6833 667.5951 718.5652 716.1699 1088.329 1965.378 6139.008 22528.86 19678.01 300459.5 41737.29 0 0 0 0
0 0 0 0 0 0 0 0 0 0 0 2543.576 168.4818 26055.46 3291.498 576.1561 324.7711 107.7997 73.42728 128.3496 181.0981 35.39158 28.59919 22.95509 17.12851 219.2276 360.2044 230.2649 26.09526 29.99044 29.99044 29.99044 27.8243 29.77439 29.99044 29.99044 29.99044 29.99044 29.99044 29.99044 29.99044 29.99044 28.9391 28.9391 28.9391 28.9391 28.9391 28.9391 28.9391 28.9391 28.9391 28.9391 28.9391 867.0684 27.28944 28.31095 28.9391 23.60551 5.639412 16.51818 28.9391 27.64179 27.48549 28.9391 28.9391 29.03477 40.29342 40.29342 40.29342 40.29342 40.29342 40.29342 41.55545 157.6855 189.2097 189.2097 189.2097 248.7162 578.0237 578.0237 578.0237 593.3149 1770.462 2425.794 8156.172 1805.853 2956.899 10674.73 3820.704 11315.03 105863.8 29220.33 0 0 0 0
0 0 0 0 0 0 0 0 0 0 0 0 0 1125.759 2516.841 1021.189 646.6174 275.8316 95.79976 60.95924 36.15044 22.20814 15.01792 11.59264 14.56849 26.03627 101.7635 161.9226 227.0238 17.35836 15.51614 15.61551 15.61551 15.61551 15.61551 15.61551 15.61551 15.61551 15.61551 15.61551 15.61551 15.61551 28.79945 28.79945 28.79945 26.82237 26.25677 28.79945 28.79945 28.79945 28.79945 28.79945 28.79945 2674.324 28.79945 28.79945 28.56307 26.81026 18.21236 31.38153 47.16052 29.64952 26.79279 22.75342 28.79945 28.83568 38.81932 38.81932 38.81932 38.81932 38.81932 38.81932 86.60816 322.1246 322.0197 322.1334 331.8174 374.9753 376.6656 813.3981 1258.907 2025.308 2872.802 2872.802 2373.972 2063.156 2370.386 2569.008 2836.196 4864.323 21698.66 0 0 0 0 0
0 0 0 0 0 0 0 0 0 0 0 0 0 122.2755 1669.633 1129.584 687.1696 450.2236 376.6662 181.8663 210.0644 188.773 81.40051 14.73757 14.49673 14.28559 12.38026 13.85969 12.83086 14.38558 13.37856 14.49673 14.49673 14.49673 14.49673 14.49673 14.49673 14.49673 14.49673 14.49673 14.49673 14.49673 28.65759 28.65759 28.65759 28.43572 28.23674 28.65759 28.65759 28.65759 28.65759 28.65759 28.65759 28.65759 28.65759 28.65759 27.98191 28.65759 28.64019 73.30125 96.53027 67.7929 56.01574 46.46801 25.41194 28.68675 38.62811 38.62811 38.62811 38.62811 38.62811 38.62811 220.0669 309.814 311.0002 320.5964 322.6577 369.6546 502.6985 1253.077 1253.077 1374.675 2996.427 3066.005 2531.202 2217.164 12472.48 10327.5 2187.749 24007.67 11703.79 0 0 0 0 0
0 0 0 0 0 0 0 0 0 0 0 0 0 17.08915 1204.309 1396.137 1762.221 867.2666 796.2913 306.3458 444.0361 316.3365 309.9732 266.28 445.7653 520.2195 740.112 749.283 742.5588 668.3278 753.3551 753.7747 753.7747 748.4075 737.6737 728.5276 722.4731 716.4985 606.1364 385.7629 391.1359 410.4483 28.51358 28.51358 28.51358 28.51358 28.51358 28.51358 28.51358 28.51358 28.51358 28.51358 28.51358 28.51358 28.51358 28.51358 28.51358 253.3528 32.32801 91.62997 100.7142 100.7142 100.7142 90.48534 96.8762 100.5005 38.43396 38.43396 38.43396 41.10478 84.17965 97.16463 177.627 318.9851 318.9851 318.9851 329.8639 371.5413 773.1183 1252.099 1298.449 1554.799 3486.223 3555.577 2815.321 2706.201 4531.83 9473.494 3909.513 42424.51 40870.45 0 0 0 0 0
0 0 0 0 0 0 0 0 0 0 0 0 0 0 1018.012 1497.416 1878.247 1576.865 1151.269 421.4301 617.148 312.7417 268.5444 294.0501 643.6577 649.16 797.2048 985.8826 966.2391 1046.714 1046.714 1046.714 1046.714 1046.714 1046.714 1046.714 1046.714 1046.714 1046.714 1046.714 1046.714 1046.714 28.36739 28.36739 28.36739 28.36739 28.36739 28.36739 28.36739 28.36739 28.36739 28.36739 28.36739 28.36739 28.21073 28.36739 28.36739 2726.341 26.34282 18.12993 99.10265 100.1979 100.0944 24.04807 98.4237 100.0981 38.23689 38.23689 38.23689 97.42158 165.7554 165.7554 185.9033 321.3827 353.7176 345.0067 409.6002 504.2523 804.8756 1418.873 1567.651 2073.123 3336.102 4479.447 6198.493 5667.375 6597.074 22818.8 10387.45 31563.92 1167.798 0 0 0 0 0
0 0 0 0 0 0 0 0 0 0 0 0 0 0 473.9719 10219.81 4375.84 2220.034 1577.244 1329.762 2335.195 375.2556 306.7713 310.2941 645.7654 645.7654 645.7654 616.8525 783.8999 809.5114 830.3246 840.5911 848.3607 849.0417 903.6329 838.5199 810.0165 803.0651 662.3707 503.9057 766.5571 794.8243 35.72987 51.19585 53.14399 51.49121 54.4142 56.24587 55.73412 28.21906 28.21906 28.21906 28.21906 26.77084 19.19872 16.17535 23.43885 22.98656 27.17971 10.16386 81.60003 99.6738 99.66879 87.17023 76.57805 45.01734 38.03693 38.03693 38.03693 108.5349 164.8888 164.8888 329.1411 400.7234 400.7234 400.7234 458.2288 721.2886 784.3947 1004.04 1588.137 2357.061 2939.388 4494.794 7330.051 49542.63 5110.031 1838.182 28096.28 35700.99 476.0728 0 0 0 0 0
0 0 0 0 0 0 0 0 0 0 0 0 0 0 169.4065 818312.6 120068.2 13711.58 2345.627 1882.078 2377.651 1444.681 314.9921 306.6034 462.0314 467.1485 474.5748 394.8255 337.8211 68.31779 68.31779 68.31779 68.31779 68.31779 68.31779 68.31779 68.31779 68.31779 68.31779 68.31779 65.22768 39.81834 28.3372 19.96401 15.27995 16.5365 5.132116 41.05519 85.59293 80.62617 513.5586 593.6089 245.4535 42.59567 29.97389 19.8501 15.58525 21.76585 26.71389 43.91356 413.7676 221.2889 42.5743 28.51821 28.51821 28.51914 24471.9 37.83407 37.83407 99.10532 164.0093 159.1896 241.6239 398.4443 398.5868 398.5868 482.3604 721.1995 769.6106 1210.805 2481.858 8502.83 2914.013 2778.202 3240.01 4724.886 5520.072 9638.733 34558.18 22248.37 0 0 0 0 0 0
0 0 0 0 0 0 0 0 0 0 0 0 0 0 2318.742 510528.9 137380.9 2317.253 2114.006 1634.954 1014.55 735.2429 537.79 460.0397 63.57785 65.15411 67.94632 59.98429 67.94632 67.94632 67.94632 67.94632 67.94632 67.94632 67.94632 54.55896 35.99401 40.90783 35.6897 18.49863 2.735024 0 0 0 0 0 0 0 2.155921 2.358937 379.0759 952.7188 1523.103 408.7198 37.7795 17.84779 53.79961 61.64808 78.93433 4866.535 1777.405 245.8092 42.37108 28.36314 28.36314 28.36314 2157.551 37.62833 70.1135 158.7252 163.1173 163.1173 236.6003 383.369 396.4184 396.4184 409.239 973.7748 1390.282 3784.015 9511.085 27825.88 6364.211 6941.453 4138.664 11825.26 10943.48 13956.77 26050.16 1739.632 0 0 0 0 0 0
0 0 0 0 0 0 0 0 0 0 0 0 0 0 0 51652.18 8756.076 1441.707 8088.52 1360.216 642.0244 603.2522 601.9479 553.0609 197.1745 442.5378 803.5194 743.991 810.7511 810.8884 778.274 303.0512 170.5435 50.77358 19.79738 0.9689822 0 0 0 0 0 0 0 0 0 0 0 0 0 0 0.3274416 15.0049 535.0782 852.9872 547.8855 242.331 322.2268 74.47157 2751.992 20124.11 2466.213 3229.715 188.1464 28.2059 28.2059 28.2059 39.61352 37.41022 93.32457 354.6599 455.3325 205.7015 162.213 174.0923 411.9286 412.6727 394.2207 1266.987 1566.244 7072.396 7859.37 9459.433 7976.978 7293.336 7280.594 15847.08 61268.05 326256.3 13033.77 0 0 0 0 0 0 0
0 0 0 0 0 0 0 0 0 0 0 0 0 0 0 54856.57 15159.16 1399.905 2493.491 1809.982 771.2327 537.8571 548.311 509.3671 339.5803 598.2051 919.0413 919.0413 919.0413 919.0413 919.0413 916.1724 154.6485 0 0 0 0 0 0 0 0 0 0 0 0 0 0 0 0 0 0 0 143.3428 422.6297 658.509 699.7249 972.4346 641.9969 13868.08 11133.36 11222.71 2392.75 460.6509 33.7222 33.7222 33.7222 448.6708 693.2645 746.5039 891.1401 643.6669 372.4039 329.5007 411.4605 516.1463 505.3132 971.6989 1492.993 2284.763 7108.086 7231.739 6475.616 48655.08 39797.04 17238.91 90722.36 397686.8 74920.66 0 0 0 0 0 0 0 0
0 0 0 0 0 0 0 0 0 0 0 0 0 346.1469 19363.88 15354.42 5430.499 1832.781 2700.174 5309.328 853.1248 669.5343 617.3676 328.9715 298.7562 407.5784 627.4022 667.8668 805.1923 737.0225 774.9677 449.4572 1.280107 0 0 0 0 0 0 0 0 0 0 0 0 0 0 0 0 0 0 0 4.936606 58.63059 533.871 939.8393 1207.352 744.0374 210.1136 8247.243 4240.785 6900.864 1631.976 614.2482 242.3248 92.2785 863.837 888.3237 888.3237 840.0401 394.9613 440.6481 450.9304 911.0427 594.3396 517.8387 1396.577 2303.809 2546.817 4558.667 5984.729 11621.14 7403.373 5484.358 73578.57 1203032 2356939 0 0 0 0 0 0 0 0 0
0 0 0 0 0 0 0 0 0 0 0 0 0 14.76807 5330.212 2148.301 5916.083 2449.404 1569.783 1652.643 2366.375 2380.833 621.0626 51.59475 0 0 0 3.857466 10.20681 1.43023 7.154658 1.901576 0 0 0 0 0 0 0 0 0 0 0 0 0 0 0 0 0 0 0 0 0 0 831.1799 2446.044 1325.825 0 166.5939 8009.422 6842.378 12751.34 6921.082 3409.676 8017.993 20229.28 711.5751 1888.128 49798.44 661.0748 423.7977 631.1631 754.5237 994.4313 795.3046 12732.7 18544.04 3825.638 4366.831 7854.119 10803.98 5566.522 3614.191 4201.719 35058.58 445956.8 180633.3 0 0 0 0 0 0 0 0 0
0 0 0 0 0 0 0 0 0 0 0 0 0 0 0 793.24 3737.714 4640.838 4457.065 7861.896 6790.383 1826.154 3.931692 0 0 0 0 0 0 0 0 0 0 0 0 0 0 0 0 0 0 0 0 0 0 0 0 0 0 0 0 0 0 0 323.5412 14753.44 22.81322 14.52922 694.7881 4688.692 47813.22 839116.6 12994.96 2737.587 2332.565 2038.841 689.7696 689.7696 693.4582 5693.052 2049.67 1752.803 967.8096 797.2588 1429.38 2315.165 11552.4 9140.696 11034.42 9506.737 8107.097 7465.979 3989.073 29819.29 37204.51 133272.3 0 0 0 0 0 0 0 0 0 0
0 0 0 0 0 0 0 0 0 0 0 0 0 0 0 0 8.190215 374.8277 511.83 16973.57 72.65295 0 0 0 0 0 0 0 0 0 0 0 0 0 0 0 0 0 0 0 0 0 0 0 0 0 0 0 0 0 0 0 0 0 0 2.507022 0.2048409 209.919 809.0545 1326.176 30985.42 284189 18177.59 3677.505 993.9781 1073.249 685.5682 749.3384 1027.201 2288.355 3970.515 13879.85 1520.536 1708.279 1311.942 1745.301 1689.765 7909.41 28019.71 23920.84 7543.803 5312.604 378043.4 3508.334 39006.57 8177.607 0 0 0 0 0 0 0 0 0 0
0 0 0 0 0 0 0 0 0 0 0 0 0 0 0 0 0 0 0 0 0 0 0 0 0 0 0 0 0 0 0 0 0 0 0 0 0 0 0 0 0 0 0 0 0 0 0 0 0 0 0 0 0 0 0 0 0 1143.639 1782.112 1077.962 4157.686 5754.673 1961.607 1300.921 1060.156 1901.408 1316.168 2518.63 2037.138 2159.714 4451.383 8671.452 6351.735 9937.169 11955.92 12195.97 9305.951 11678.46 6290.835 4914.388 5574.403 5047.01 7189.023 12116.62 16384.51 0 0 0 0 0 0 0 0 0 0 0
0 0 0 0 0 0 0 0 0 0 0 0 0 0 0 0 0 0 0 0 0 0 0 0 0 0 0 0 0 0 0 0 0 0 0 0 0 0 0 0 0 0 0 0 0 0 0 0 0 0 0 0 0 0 0 0 0 99.19318 98.80753 27.48995 0 0 3.055311 1260.213 2511.375 2715.208 1962.584 2562.272 4244.917 4436.609 4051.559 3958.176 7029.861 30354.22 65317.11 16532.29 30677.18 94829.2 10582.33 1966.09 3812.342 8359.417 6484.66 18066.1 5617.412 0 0 0 0 0 0 0 0 0 0 0
0 0 0 0 0 0 0 0 0 0 0 0 0 0 0 0 0 0 0 0 0 0 0 0 0 0 0 0 0 0 0 0 0 0 0 0 0 0 0 0 0 0 0 0 0 0 0 0 0 0 0 0 0 0 0 0 0 0 0 0 0 0 0 680.4119 1785.377 7538.679 1665.785 2586.688 19436.75 6927.422 5158.468 6809.344 96599.23 10429.92 12209.07 16627.53 8473.613 9988.808 6843.012 1661.848 4288.145 5560.451 4504.456 12661.49 374.0318 0 0 0 0 0 0 0 0 0 0 0
0 0 0 0 0 0 0 0 0 0 0 0 0 0 0 0 0 0 0 0 0 0 0 0 0 0 0 0 0 0 0 0 0 0 0 0 0 0 0 0 0 0 0 0 0 0 0 0 0 0 0 0 0 0 0 0 0 0 0 0 0 0 0 1032.976 2740.106 3838.421 2202.853 3401.442 4502.319 8646.308 6893.524 32577.34 36861.5 41168.62 24139.28 8671.766 7275.09 8262.063 7009.96 1602.826 2022.215 2036.003 3629.403 10534.6 115.8997 0 0 0 0 0 0 0 0 0 0 0
0 0 0 0 0 0 0 0 0 0 0 0 0 0 0 0 0 0 0 0 0 0 0 0 0 0 0 0 0 0 0 0 0 0 0 0 0 0 0 0 0 0 0 0 0 0 0 0 0 0 0 0 0 0 0 0 0 0 0 0 0 0 0 0 6391.789 34486.22 4563.325 5752.551 13953.64 5870.117 9269.725 96657.52 27377.05 1238031 2038783 50389 10188.36 8121.121 5371.699 28331.13 1591.041 1190.179 1126.765 462.6169 0 0 0 0 0 0 0 0 0 0 0 0
0 0 0 0 0 0 0 0 0 0 0 0 0 0 0 0 0 0 0 0 0 0 0 0 0 0 0 0 0 0 0 0 0 0 0 0 0 0 0 0 0 0 0 0 0 0 0 0 0 0 0 0 0 0 0 0 0 0 0 0 0 0 0 0 0 582.8296 2362.171 16354.67 23000.27 27498.37 10729.61 24618.94 205773.9 67695.66 510167 53440.35 71622.85 31469.54 22615.04 2194.543 0 0 0 0 0 0 0 0 0 0 0 0 0 0 0 0
0 0 0 0 0 0 0 0 0 0 0 0 0 0 0 0 0 0 0 0 0 0 0 0 0 0 0 0 0 0 0 0 0 0 0 0 0 0 0 0 0 0 0 0 0 0 0 0 0 0 0 0 0 0 0 0 0 0 0 0 0 0 0 0 0 0 0 0 0 1671.503 4439.131 3302.56 4.316974 1.569475 3787.846 16089.71 9020.519 3325.133 21.40936 0 0 0 0 0 0 0 0 0 0 0 0 0 0 0 0 0
0 0 0 0 0 0 0 0 0 0 0 0 0 0 0 0 0 0 0 0 0 0 0 0 0 0 0 0 0 0 0 0 0 0 0 0 0 0 0 0 0 0 0 0 0 0 0 0 0 0 0 0 0 0 0 0 0 0 0 0 0 0 0 0 0 0 0 0 0 0 0 0 0 0 0 0 784.5993 0 0 0 0 0 0 0 0 0 0 0 0 0 0 0 0 0 0 0
0 0 0 0 0 0 0 0 0 0 0 0 0 0 0 0 0 0 0 0 0 0 0 0 0 0 0 0 0 0 0 0 0 0 0 0 0 0 0 0 0 0 0 0 0 0 0 0 0 0 0 0 0 0 0 0 0 0 0 0 0 0 0 0 0 0 0 0 0 0 0 772.987 614.6862 0 0 0 0 0 0 172.7258 126.0198 0 0 0 0 0 0 0 0 0 0 0 0 0 0 0
0 0 0 0 0 0 0 0 0 0 0 0 0 0 0 0 0 0 0 0 0 0 0 0 0 0 0 0 0 0 0 0 0 0 0 0 0 0 0 0 0 0 0 0 0 0 0 0 0 0 0 0 0 0 0 0 0 0 0 0 0 0 0 0 0 0 0 0 0 0 0 220.577 113.7487 148.8761 0 0 0 0 0 49.62461 519.6639 0 0 0 0 0 0 0 0 0 0 0 0 0 0 0
0 0 0 0 0 0 0 0 0 0 0 0 0 0 0 0 0 0 0 0 0 0 0 0 0 0 0 0 0 0 0 0 0 0 0 0 0 0 0 0 0 0 0 0 0 0 0 0 0 0 0 0 0 0 0 0 0 0 0 0 0 0 0 0 0 0 0 0 0 0 0 0 0 1552.953 1347.977 5867.625 0 2.227182 155.432 1432.579 991.7456 0 0 0 0 0 0 0 0 0 0 0 0 0 0 0
0 0 0 0 0 0 0 0 0 0 0 0 0 0 0 0 0 0 0 0 0 0 0 0 0 0 0 0 0 0 0 0 0 0 0 0 0 0 0 0 0 0 0 0 0 0 0 0 0 0 0 0 0 0 0 0 0 0 0 0 0 0 0 0 0 0 0 0 0 0 0 0 0 2117.925 2868.347 26644.9 47034.33 24278.03 67791.59 4607.833 2147.714 0 0 0 0 0 0 0 0 0 0 0 0 0 0 0
0 0 0 0 0 0 0 0 0 0 0 0 0 0 0 0 0 0 0 0 0 0 0 0 0 0 0 0 0 0 0 0 0 0 0 0 0 0 0 0 0 0 0 0 0 0 0 0 0 0 0 0 0 0 0 0 0 0 0 0 0 0 0 0 0 0 0 0 0 0 0 0 0 314.9746 1471.208 2354.03 5496.865 3183.706 11761 2525.945 2005.068 0 0 0 0 0 0 0 0 0 0 0 0 0 0 0
0 0 0 0 0 0 0 0 0 0 0 0 0 0 0 0 0 0 0 0 0 0 0 0 0 0 0 0 0 0 0 0 0 0 0 0 0 0 0 0 0 0 0 0 0 0 0 0 0 0 0 0 0 0 0 0 0 0 0 0 0 0 0 0 0 0 0 0 0 0 0 0 0 0 602.0209 1409.999 818.1191 720.3786 2569.683 3179.758 675.1946 0 0 0 0 0 0 0 0 0 0 0 0 0 0 0
0 0 0 0 0 0 0 0 0 0 0 0 0 0 0 0 0 0 0 0 0 0 0 0 0 0 0 0 0 0 0 0 0 0 0 0 0 0 0 0 0 0 0 0 0 0 0 0 0 0 0 0 0 0 0 0 0 0 0 0 0 0 0 0 0 0 0 0 0 0 0 0 0 0 328.4818 1451.249 1337.376 2004.825 154305.1 15716.15 153.6144 0 0 0 0 0 0 0 0 0 0 0 0 0 0 0
0 0 0 0 0 0 0 0 0 0 0 0 0 0 0 0 0 0 0 0 0 0 0 0 0 0 0 0 0 0 0 0 0 0 0 0 0 0 0 0 0 0 0 0 0 0 0 0 0 0 0 0 0 0 0 0 0 0 0 0 0 0 0 0 0 0 0 0 0 0 0 0 0 0 0 642.4166 4323.451 4978.214 17250.29 2092.159 5.259747 0 0 0 0 0 0 0 0 0 0 0 0 0 0 0
0 0 0 0 0 0 0 0 0 0 0 0 0 0 0 0 0 0 0 0 0 0 0 0 0 0 0 0 0 0 0 0 0 0 0 0 0 0 0 0 0 0 0 0 0 0 0 0 0 0 0 0 0 0 0 0 0 0 0 0 0 0 0 0 0 0 0 0 0 0 0 0 0 0 0 0 308.1583 758.006 18.03503 0 0 0 0 0 0 0 0 0 0 0 0 0 0 0 0 0
