projectPosts/joymap/rawData/glp90ag30.asc
ncols         720
nrows         286
xllcorner     -180
yllcorner     -58
cellsize      0.5000000000004
NODATA_value  -9999
[rows 0 to 41 of 286, columns 480 to 575 of 720]
0 0 0 0 0 0 0 0 0 0 0 0 0 0 0 0 0 0 0 0 0 0 0 0 0 0 0 0 0 0 0 0 0 0 0 0 0 0 0 0 0 0 0 0 0 0 0 0 0 0 0 0 0 0 0 0 0 0 0 0 0 0 0 0 0 0 0 0 0 0 0 0 0 0 0 0 0 0 0 0 0 0 0 0 0 0 0 0 0 0 0 0 0 0 0 0
0 0 0 0 0 0 0 0 0 0 0 0 0 0 0 0 0 0 0 0 0 0 0 0 0 0 0 0 0 0 0 0 0 0 0 0 0 0 0 0 0 0 0 0 0 0 0 0 0 0 0 0 0 0 0 0 0 0 0 0 0 0 0 0 0 0 0 0 0 0 0 0 0 0 0 0 0 0 0 0 0 0 0 0 0 0 0 0 0 0 0 0 0 0 0 0
0 0 0 0 0 0 0 0 0 0 0 0 0 0 0 0 0 0 0 0 0 0 0 0 0 0 0 0 0 0 0 0 0 0 0 0 0 0 0 0 0 0 0 0 0 0 0 0 0 0 0 0 0 0 0 0 0 0 0 0 0 0 0 0 0 0 0 0 0 0 0 0 0 0 0 0 0 0 0 0 0 0 0 0 0 0 0 0 0 0 0 0 0 0 0 0
0 0 0 0 0 0 0 0 0 0 0 0 0 0 0 0 0 0 0 0 0 0 0 0 0 0 0 0 0 0 0 0 0 0 0 0 0 0 0 0 0 0 0 0 0 0 0 0 0 0 0 0 0 0 0 0 0 0 0 0 0 0 0 0 0 0 0 0 0 0 0 0 0 0 0 0 0 0 0 0 0 0 0 0 0 0 0 0 0 0 0 0 0 0 0 0
0 0 0 0 0 0 0 0 0 0 0 0 0 0 0 0 0 0 0 0 0 0 0 0 0 0 0 0 0 0 0 0 0 0 0 0 0 0 0 0 0 0 0 0 0 0 0 0 0 0 0 0 0 0 0 0 0 0 0 0 0 0 0 0 0 0 0 0 0 0 0 0 0 0 0 0 0 0 0 0 0 0 0 0 0 0 0 0 0 0 0 0 0 0 0 0
0 0 0 0 0 0 0 0 0 0 0 0 0 0 0 0 0 0 0 0 0 0 0 0 0 0 0 0 0 0 0 0 0 0 0 0 0 0 0 0 0 0 0 0 0 0 0 0 0 0 0 0 0 0 0 0 0 0 0 0 0 0 0 0 0 0 0 0 0 0 0 0 0 0 0 0 0 0 0 0 0 0 0 0 0 0 0 0 0 0 0 0 0 0 0 0
0 0 0 1.505882 4.472271 8.084521 11.31949 5.159068 0 0 0 0 0 0 0 0 0 0 0 0 0 0 0 0 0 0 0 0 0 0 0 0 0 0 0 0 0 0 0 0 0 0 0 0 0 0 0 0 0 0 0 0 0 0 0 0 0 0 0 0 0 0 0 0 0 0 0 0 0 0 0 0 0 0 0 0 0 0 0 0 0 0 0 0 0 0 0 0 0 0 0 0 0 0 0 0
5.833026 7.23014 9.933448 1.376785 0 0 0 0 9.861905 16.50085 8.404758 0 0 0 0 0 0 0 0 0 0 0 0 0 0 0 0 0 0 0 0 0 0 0 0 0 0 0 0 0 0 0 0 0 0 0 0 0 0 0 0 0 0 0 0 0 0 0 0 0 1.196837 2.053318 2.067505 0.442853 0 0 0.03371137 0.1166748 0.6496082 1.192898 2.562108 3.177721 1.555548 0.0986119 0 0 0 0 0 0 0 0 0 0 0 0 0 0 0 0 0 0 0 0 0 0
34.19695 37.98314 36.24366 29.9763 7.74086 10.20871 26.70955 25.74711 26.94332 23.36785 9.953138 0 0 0 0 0 0 0 0 0 0 0 0 0 0 0 0 0 0 0 0 0 0 0 0 0 0 0 1.036607 1.753785 1.027311 0 0 0 0 0 0 0 0 0 0 0 0 0 0 0 0 0 0 0 0 0 0 0 0.002147553 1.19544 4.994614 6.493901 6.671434 6.671434 6.671434 6.671434 6.671434 5.964401 3.564501 1.794483 0.01879731 0 0 0 0 0 0 0 0 0 0 0 0 0 0 0 0 0 0 0
8.519492 11.15073 10.30818 0.9773549 0 0 0 0 0 0 0 0 0 0 0 0 0 0 0 0 0 0 0 0 0 0 0 0 0 0 0 0 0 0 0 0 0 0 0 0 0 0 0 0 0 0 0 0 0 0 0 0 0 0 0 0 0 0 0 0 0 0.0001022332 0.637405 1.800574 3.037004 4.656251 6.044827 6.829757 6.479984 5.512231 5.7307 5.593547 5.510095 5.649166 4.484047 1.877941 0.1916458 0.7269896 0.5640586 0 0 0 0 0 0 0 0 0 0 0 0 0 0 0 0 0
0.3284431 0 0 0 0 0 0 0 0 0 0 0 0 0 0 0 0 0 0 0 0 0 0 0 0 0 0 0 0 0 0 0 0.9586796 1.402502 0.7250813 0.06378658 0 0 0 0 0 0 0 0 0 0 0 0 0 0 0 0 0 0 0 0 0 0 0 0 0 0.1580621 1.320749 3.578914 3.814413 4.591021 4.103711 2.616005 4.548421 6.873652 7.385888 7.385888 7.383563 6.992486 6.594509 6.038582 5.612809 7.217117 7.355432 5.820845 0.7445775 0 0 0 0 0 0 0 0 0 0 0 0 0 0 0
0 0 0 0 0 0 0 0 0 0 0 0 0 0 0 0 0 0 0 0 0 0 0 0 0 0 0 0 0 0 0 0 0 0.2224581 0.3384805 0.0487936 0 0 0 0 0 0 0 0 0 0 0 0 0 0 0 0 0 0 0 0 0 0 0 0 0 0 0.01938158 0.1855279 0.4667396 0.534732 0.3714247 0.2451024 0.9266296 5.809253 6.899744 7.119364 7.706964 7.729963 7.742154 7.742154 7.742154 7.742154 7.274554 4.578268 0.1578338 0 1.463341 4.444998 4.652373 4.622856 1.278722 2.054472 0.290372 0 0 0 0 0 0 0
0 0 0 0 0 0 0 0 0 0 0 0 0 0 0 0 0 0 0 0 0 0 0 0 0 0 0 0 0 0 0 0 0 0 0 0 0 0 0 0 0 0 0 0 0 0 0 0 0 0 0 0 0 0 0 0 0 0 0 0 0 0 0 0 0 0 0 0 0 0 0 0.02706386 0.1595091 0.1356501 1.828535 2.916819 3.202579 3.390919 3.032935 2.062051 0.6842697 4.512176 7.697851 8.035927 8.020517 6.941649 8.097786 8.097786 7.623853 5.334992 3.189646 0 0 0 0 0
0 0 0 0 0 0 0 0 0 0 0 0 0 0 0 0 0 0 0 0 0 0 0 0 0 0 0 0 0 0 0 0 0 0 0 0 0 0 0 0 0 0 0 0 0 0 0 0 0 0 0 0 0 0 0 0 0 0 0 0 0 0 0 0 0 0 0 0.2090408 0 0 0 0 0 0 0 0 0 0.02227479 0.001403257 2.829524 7.078149 7.307939 5.772571 5.164855 5.07178 5.197575 4.665032 4.195429 3.299553 2.971688 0.8748757 0 0.7804906 1.731586 1.487131 0.865684
0 0 0 0 0 0 0 0 0 0 0 0 0 0 0 0 0 0 0 0 0 0 0 0 0 0 0 0 0 0 0 0 0 0 0 0 0 0 0 0 0 0 0 0 0.1564138 0.03929301 0 0 0 0 0 0 0 0 0 0 0 0 0 0 0 0 0 0.2271401 0.09732756 0 0 0 0 0 0 0 0 0 0 0 0 0 0 0.7233697 0.4277656 0 0.06000621 0.09475568 0 0.3037239 1.953067 2.670719 3.69565 2.812379 1.262544 0.8629964 0.02945765 0 0 0
0 0 0 0 0 0 0 0 0 0 0 0 0 0 0 0.04173345 0 0 0 0 0 0 0 0 0 0 0 0 0 0 0 0 0 0 0 0 0 0 0 0 0 0 0 0 0.1427598 0.09789602 0 0 0 0 0 0 0 0 0 0 0 0.7086223 1.08226 0.9187502 0.1658862 0.1202152 0 0 0 0 0 0 0 0 0.08099969 1.215936 2.293504 0.1777014 0 0 0 0 0 0 0.06901786 0.008227201 0.6127968 4.057286 6.600426 8.875464 9.160746 9.160746 8.923712 7.904441 6.955234 4.400656 1.331261 1.087463 0.7116948 0.6692365
0 0 0 0 0 0 0 0 0 0 1.846538 9.897443 37.05736 51.27577 60.60209 66.93143 63.72969 40.34811 0.2750607 0 0 0 0 0 0 0 0 0 0 0 0 0 0 0 0 0 0 0 0 0 0 0 0 0 0 0 0 0 0 0 0 0 0 0 0 0 0 0.04909943 0.03095502 0.01366097 0 0 0 0 0 0 0 0.0442075 0.6493081 0.641642 1.094203 1.753587 1.931055 0.1523071 0.7790729 0.6950528 0.03469194 0 0 0 0.03780968 0.1511399 6.969184 9.51369 9.51369 9.51369 9.51369 9.51369 9.51369 9.51369 9.507158 9.217631 9.470041 7.17643 3.120108 0.7943524
14.4051 8.694902 35.13982 38.85875 33.74361 30.63832 34.12653 44.03154 46.26119 59.66665 67.46467 69.9063 69.9063 64.42391 54.64486 41.98857 28.53825 4.46934 0 0 0 0 0 0 0 0 0 0 0 0 0 0 0 0 0 0 0 0 0 0 0 0 0 0 0 0 0 0 0 0 0 0 0 0 0 0 0 0 0 0 0 0 0 0.05652378 0.02476712 0.07310656 1.08108 1.384166 2.284118 3.220106 3.47584 4.794159 3.029437 2.129394 1.156846 0.8482876 2.763903 4.483325 6.162808 7.732382 8.964025 9.48608 9.865916 9.865916 9.865916 9.865916 11.06975 14.43962 15.54091 16.34034 17.13728 17.93171 18.72292 18.49474 19.03652 19.00879
68.93774 71.4584 72.39678 72.39678 72.39678 69.85767 58.89555 47.87906 40.77032 33.19877 24.23694 12.84928 5.078359 0.04649049 0 0 0 0 0 0 0 0 0 0 0 0 0 0 0 0 0 0 0 0 0 0 0 0 0 0 0 0 0 0.6208532 0.5466931 0.7871132 0.4160898 0 0 0 0 0 0 0 0 0.027577 0.04873092 0.04004988 0.08549175 0.159312 1.5875 2.548768 2.833288 3.953134 4.881152 6.543018 8.134959 9.512978 10.06862 10.21738 10.21738 9.431098 9.345804 8.781796 9.554877 9.923058 10.21738 10.21738 10.21738 10.21738 10.21738 10.23633 11.20214 12.69022 14.17051 16.84198 19.6641 19.76499 19.76499 19.76499 19.76499 19.76499 19.76499 19.76499 19.76499 19.76499
73.97265 62.03767 40.19354 24.59851 7.783621 0.429695 0 0 0 0 0 0 0 0 0 0 0 0 0 0 0 0 0 0 0 0 0 0 0 0 0 0 0 0 0 0 0 0 0 0 0 0 0 2.206908 2.167619 0 0 0 0 0 0 0 0.0680944 0.2502952 1.872769 2.204673 3.711043 7.189399 9.541016 9.911432 10.56021 10.56808 10.56808 10.56808 10.56808 10.56808 10.56808 10.56808 10.56808 10.56808 10.56808 10.56808 10.56808 10.56808 10.56808 10.56808 10.56808 10.56808 10.56808 12.04246 17.60351 19.9133 20.44336 20.44336 20.44336 20.44336 20.44336 20.44336 20.44336 20.44336 20.44336 20.44336 20.44336 20.44336 20.44336 20.44336
28.15397 3.64983 0 0 0 0 0 0 0 0 0 0 0 0 0 0 0 0 0 0 0 0 0 0 0 0 0 0 0 0 0 0 0 0 0 0 0 0 0.8510164 0.1379395 0 0 0 0 0 0 0 0 0.0675235 0.3008537 1.730049 3.083559 4.886468 6.824567 9.541626 10.49985 10.91795 10.91795 10.91795 10.91795 10.91795 10.91795 10.91795 10.91795 10.91795 10.91795 10.91795 10.91795 10.91795 10.91795 10.91795 10.91795 10.91795 10.91795 10.91795 10.91795 10.91795 10.91795 10.91795 10.91795 11.67474 21.06528 21.12018 21.12018 21.12018 21.12018 21.12018 21.12018 21.12018 21.12018 21.12018 21.12018 21.12018 21.12018 21.12018 21.12018
0 0 0 0 0 0 0 0 0 0 0 0 0 0 0 0 0 0 0 0 0 0 0 0 0 0 0 0 0 0 0 0 0 0 0 0 0 0 0 0 0 0 0 0 0.1303852 1.158582 1.249131 0.3012118 0.2503672 1.001668 1.295713 1.36259 3.492008 7.185319 10.14417 11.26702 11.26702 11.26702 11.26702 11.26702 11.26702 11.26702 11.26702 11.26702 11.26702 11.26702 11.26702 11.26702 11.26702 11.26702 11.26702 11.26702 11.26702 11.26702 11.26702 11.47719 13.05036 13.1838 13.35057 16.21326 19.83144 21.7915 21.79543 21.79543 21.79543 21.79543 21.79543 21.79543 21.79543 21.79543 21.79543 21.79543 21.79543 21.79543 21.79543 21.79543
0 0 0 0 0 0 0 0 0 0 0 0 0 0 0 0 0 0 0 0 0 0 0 0 0 0 0 0 0 0 0 5.206311 2.257666 0 0 0 0 0 0 0 0.1747699 1.065367 1.697422 2.728048 3.033346 3.182138 3.096226 3.688277 5.093683 5.652485 4.752509 7.151199 8.677304 9.524098 10.89639 11.61521 11.61521 11.61521 11.61521 11.61521 11.61521 11.61521 11.61521 11.61521 11.61521 11.61521 11.61521 11.61521 11.61521 11.61521 11.61521 11.61521 13.25465 16.64076 19.74208 22.0404 22.46896 22.46896 22.46896 22.46896 22.46896 22.46896 22.46896 22.46896 22.46896 22.46896 22.46896 22.46896 22.46896 22.46896 22.46896 22.46896 21.52639 20.73098 17.37506 16.72224
0 0 0 0 0 0 0 0 0 0 0 0 0 0 0 0 0 0 0 4.303619 94.97556 93.48494 65.24492 7.029774 0 0 0 0 20.66437 10.95755 2.499051 13.78304 14.79095 6.211291 0 0 0 0.1704815 1.138709 0 0.8084406 9.185586 11.96252 11.96252 11.96252 11.96252 11.96252 11.96252 11.96252 11.96252 11.96252 11.96252 11.96252 11.96252 11.96252 12.04749 35.76167 71.05714 79.21854 84.57719 89.93224 94.86888 34.07138 19.31798 17.87261 15.41645 15.47967 16.40431 14.9952 13.5931 13.88083 16.26633 23.09383 23.14083 23.14083 23.14083 23.14083 23.14083 23.14083 23.14083 23.14083 23.14083 23.14083 23.14083 23.14083 23.14083 23.14083 23.14083 23.14083 23.14083 23.14083 22.19769 14.69427 13.37319 7.01689 7.443011
0 0 0 0 0 0 0 0 0 0 0 0 0 0 0 0 0 7.372517 83.12691 94.33105 91.63557 91.53529 93.05324 85.60941 69.84321 28.82953 0 0 19.65713 30.03726 74.15749 3.469762 0 0 4.534726 26.02762 9.381093 3.219222 6.681571 0.12984 0 4.658878 12.30892 12.30892 12.30892 12.30892 12.30892 12.30892 12.30892 12.30892 12.30892 92.98045 192.5335 189.7916 190.7132 225.0443 243.6403 243.6403 243.6403 243.6403 243.6403 243.6403 222.6734 88.42867 23.81091 23.81091 23.81091 23.81091 23.81091 23.81091 23.81091 23.81091 23.81091 23.81091 23.81091 23.81091 23.81091 23.81091 23.81091 23.81091 23.81091 23.81091 23.81091 23.81091 23.81091 23.81091 23.81091 23.81091 23.81091 23.81091 22.68997 19.14137 22.59743 23.81091 23.81091 23.81091
0 0 0 0 0 0 0 0 0 0 0 0 0 0 0 0 0 65.64794 125.3581 125.3581 125.3581 125.3581 125.3581 125.3581 125.3581 53.28149 0 0 0 19.76574 126.5461 13.88388 0.8018079 20.0257 54.30284 98.29057 108.7682 62.49406 33.8427 21.99982 12.55197 3.731092 3.545647 4.475916 9.940746 29.15844 34.73186 36.84929 29.72672 34.37545 30.11048 35.49366 106.5793 76.29541 64.29106 90.29412 117.3412 158.222 249.9107 250.578 250.578 250.578 250.578 245.4168 161.6678 112.3751 27.37835 24.48897 24.48897 24.48897 24.48897 24.48897 24.48897 24.48897 24.48897 24.48897 24.48897 24.48897 24.48897 24.48897 24.48897 24.48897 24.48897 24.48897 24.48897 24.48897 24.48897 24.48897 24.48897 24.48897 24.48897 24.48897 24.48897 24.48897 24.48897 24.48897
0 0 0 0 0 0 0 0 0 0 0 0 0 0 0 0.3995006 38.66279 123.8725 128.7071 128.7071 128.7071 128.7071 128.7071 126.3756 76.88927 1.398137 12.13578 101.1833 130.1976 147.4698 100.5329 0.02433813 77.90056 146.732 127.8645 95.29251 130.7269 147.8736 141.5753 115.5626 59.24632 41.74611 26.96411 16.14496 17.47969 29.25927 22.0629 38.87375 42.86953 42.86953 42.86953 42.86953 42.86953 42.86953 42.86953 42.86953 42.86953 148.5293 249.1953 257.2728 257.2728 257.2728 257.2728 257.2728 257.2728 257.2728 165.5575 25.14323 25.14323 25.14323 25.14323 25.14323 25.14323 25.14323 25.14323 25.14323 25.14323 25.14323 25.14323 25.14323 25.14323 25.14323 25.14323 25.14323 25.14323 25.14323 25.14323 25.14323 25.14323 25.14323 25.14323 25.14323 25.14323 25.14323 25.14323 25.14323
0 0 0 0 0 0 0 0 0 0 0 0 0 22.67578 85.08791 119.7029 132.1116 132.1116 132.1116 132.1116 132.1116 132.1116 132.1116 123.2731 58.38634 9.744829 48.70144 130.0395 151.7849 151.7849 126.5638 70.07735 54.4589 62.69758 90.25712 92.12197 110.5049 144.0215 113.3801 93.21609 69.58952 45.89586 44.00345 44.00345 32.34452 11.96839 16.80588 43.89944 44.00345 44.00345 44.00345 44.00345 44.00345 44.00345 44.00345 44.00345 119.7198 223.9508 264.0782 264.0782 264.0782 264.0782 264.0782 264.0782 264.0782 264.0782 225.0715 51.59016 25.80829 25.80829 25.80829 25.80829 25.80829 25.80829 25.80829 25.80829 25.80829 25.80829 25.80829 25.80829 25.80829 25.80829 25.80829 25.80829 25.80829 25.80829 25.80829 25.80829 25.80829 25.80829 25.80829 25.80829 25.80829 25.80829 25.80829 25.80829
0 0 0 0 0 0 0 0 0 0 0 0 0.2691576 37.12059 81.87566 135.5054 135.5054 135.5054 135.5054 135.5054 135.5054 135.5054 135.5054 135.5054 135.5054 68.0116 0 11.65788 113.8586 155.6839 155.6839 148.545 154.6421 155.6839 155.6839 153.0122 133.444 146.0732 154.4446 155.6839 155.6839 93.12908 45.13384 45.13384 34.66439 33.12966 20.7354 37.199 45.13384 45.13384 45.13384 45.13384 80.42886 104.5096 50.63012 45.13384 66.19057 177.3564 267.0133 270.8617 270.8617 270.8617 270.8617 270.8617 270.8617 270.8617 212.9367 67.77957 26.47125 26.47125 26.47125 26.47125 26.47125 26.47125 26.47125 26.47125 26.47125 26.47125 26.47125 26.47125 26.47125 26.47125 26.47125 26.47125 26.47125 26.47125 26.47125 26.47125 26.47125 26.47125 26.47125 26.47125 26.47125 26.47125 26.47125 26.47125
3.829859 0 0 0 0 0 0 0 0 0 0 0 0 0.8121285 60.78931 138.8884 138.8884 138.8884 138.8884 138.8884 113.2456 105.2461 138.4856 138.8884 135.4302 24.92635 0 34.08273 134.7995 159.5704 159.5704 159.5704 159.5704 159.5704 159.5704 159.5704 159.5704 159.5704 143.3049 99.74821 65.21351 51.40368 46.26061 45.28421 40.6236 32.66094 29.45291 42.60503 46.26061 46.26061 46.88316 72.88585 170.9943 277.6241 265.5436 198.843 275.4337 277.6241 277.6241 277.6241 277.6241 277.6241 277.6241 277.6241 277.3074 259.0325 208.1561 27.35696 27.13217 27.13217 27.13217 27.13217 27.13217 27.13217 27.13217 27.13217 27.13217 27.13217 27.13217 27.13217 27.13217 27.13217 27.13217 27.13217 27.13217 27.13217 27.13217 27.13217 27.13217 27.13217 27.13217 27.13217 27.13217 27.13217 27.13217 27.13217
71.45336 51.96711 64.49854 52.92244 47.31844 43.82266 33.418 18.78991 2.976148 0 0 0 0 36.61501 104.1348 130.9851 141.0754 140.4814 138.1034 142.2601 129.5995 126.1796 139.2885 142.2601 142.1714 29.56947 0 108.1389 163.4446 163.4446 163.4446 163.4446 163.4446 163.4446 163.4446 163.4446 163.4446 159.8901 84.62234 51.17099 47.38368 47.38368 47.38368 47.38368 47.38368 46.86423 42.11967 39.19714 39.54861 71.10126 245.8743 249.1823 284.3636 284.3636 271.2749 151.7334 271.8955 284.3636 284.3636 273.0905 253.2216 275.2878 284.3636 233.1829 38.19978 27.79084 27.79084 27.79084 27.79084 27.79084 27.79084 27.79084 27.79084 27.16958 25.20271 23.1977 22.12665 22.62385 21.04871 20.14375 22.51843 25.12135 25.53846 26.07561 27.64709 27.79084 27.79084 27.79084 27.79084 27.79084 27.79084 27.79084 27.68812 26.82076 25.81302 24.73068
9.325789 71.57382 104.1994 104.1994 104.1994 104.1994 104.1994 104.1994 101.3272 63.8447 49.9036 25.93463 6.180124 1.253003 18.69583 1.537256 92.23062 145.1104 138.1136 145.6208 138.9788 145.6208 145.6208 145.6208 137.8798 20.5015 0 39.5391 123.3716 126.7775 106.6359 80.30224 101.5315 134.8667 167.0985 167.3055 167.3055 167.3055 167.3055 145.9296 114.0047 99.02509 96.73806 115.7593 85.89326 52.71608 48.50301 48.50301 48.50301 213.7693 291.0816 252.9868 259.8862 291.0816 291.0816 284.616 268447.7 280.765 239.315 262.674 275.6911 264.0369 261.3995 272.0432 176.7598 60.06379 28.4887 27.22379 27.09674 27.19853 23.12434 20.95187 18.92053 17.51924 17.47233 17.47233 17.47233 17.47233 17.47233 17.47233 17.47233 17.47233 17.47233 17.47233 18.0936 20.05894 19.70457 21.99216 20.29986 19.16843 20.40894 19.95763 17.54737 16.58406 16.56876 16.56876
38.18552 67.42152 104.2389 106.596 106.596 106.596 106.596 106.596 106.2957 111.0057 117.5004 128.051 123.4491 97.19303 58.55762 8.060051 0.8286746 34.95357 141.8577 148.9703 148.9703 148.9703 148.9703 148.9703 142.6942 100.8429 47.06027 1.843204 13.87232 195.7008 259.691 312.994 512.9089 304.4227 52.33555 109.8468 171.154 171.154 171.154 171.154 171.154 171.154 171.154 171.154 171.154 128.8931 79.70208 62.65382 102.1683 265.4043 297.7769 268.1412 267.8492 297.7769 297.7769 297.7769 297.7769 297.7769 297.7769 261.845 257.088 270.9948 275.901 275.7586 286.7088 297.7769 279.3714 238.9373 64.13982 20.98172 17.87421 17.87421 17.87421 17.87421 17.87421 17.87421 17.87421 17.87421 17.87421 17.87421 17.87421 17.87421 17.87421 17.87421 17.47125 17.87421 17.87421 17.87421 17.87421 17.87421 17.87421 17.87421 17.87421 17.56624 16.94985 16.94985
108.9845 108.9845 108.9845 108.9845 108.9845 108.9845 108.9845 318.5999 3793.581 7121.767 5777.507 132.9008 133.2114 133.2114 133.2114 126.1121 77.76332 129.9314 152.3082 152.3082 152.3082 148.698 140.5029 151.6855 152.3082 152.3082 71.21106 2.856467 33.14115 268.5757 394.7073 580.142 605.906 608.1318 271.9857 80.57066 166.8404 174.9891 174.9891 174.9891 174.9891 174.9891 174.9891 174.9891 174.2289 155.6912 260.8941 304.4487 304.4487 304.4487 304.4487 339.507 364.1728 285.3108 300.6358 239.5038 257.4412 251.0023 289.3378 265.6358 245.6599 257.4284 265.0987 280.5538 281.0156 192.2747 87.70051 108.0828 24.52963 18.27153 17.93894 18.2747 18.2747 18.2747 18.2747 18.2747 18.2747 18.2747 18.2747 18.2747 18.2747 18.2747 18.2747 18.2747 15.38452 17.69761 18.2747 18.2747 18.2747 18.2747 18.2747 18.2747 18.2747 17.99092 17.32966 17.32966
111.3644 111.3644 111.3644 111.3644 111.3644 224.9661 4450.107 7764.174 12141.01 12141.01 11578.8 9346 1836.951 136.1205 136.1205 136.1205 136.1205 138.1266 152.8494 155.6342 155.6342 155.5804 143.9355 136.2164 155.6342 123.1399 28.93258 0 10.20347 205.3597 353.5034 353.5066 370.4429 428.2172 288.9766 174.0877 163.0578 154.5158 175.6522 178.8103 178.8103 178.8103 178.8103 177.0192 138.209 109.5742 135.8427 229.5498 305.598 311.0975 751.1458 1550.291 1359.292 1064.661 298.8791 194.0633 291.2686 311.0975 311.0975 311.0975 311.0975 311.0975 304.5969 227.0318 69.38222 18.6738 18.6738 18.6738 18.67053 17.54724 18.52818 17.33648 18.61682 18.6738 18.6738 18.6738 18.6738 18.6738 18.6738 18.6738 18.6738 18.6738 18.6738 18.6738 18.6738 18.6738 18.6738 18.6738 18.6738 18.6738 18.6738 18.6738 18.6738 18.29292 17.7081 17.7081
198.135 175.4497 152.7602 1243.985 4686.091 8758.48 12399.56 12399.56 12399.56 12399.56 8095.374 3602.672 197.7679 139.019 139.019 139.019 139.019 139.019 147.4965 158.9485 158.9485 158.9485 158.9485 157.6396 79.99006 0.5141556 0 31.01968 329.8772 361.031 361.031 362.1516 449.6438 598.6855 628.188 591.9163 436.3243 179.9153 173.6624 176.7951 182.585 182.6181 182.6181 182.6181 165.9944 115.2422 108.3852 98.84528 133.3893 200.5009 653.4228 1588.67 1547.032 1305.281 1447.71 1180.106 715.9689 258.4134 133.1515 136.5423 156.2318 139.4855 63.25169 19.15075 17.50178 16.64562 18.35744 18.09547 19.07145 19.07145 19.07145 19.07145 19.07145 19.07145 19.07145 19.07145 19.07145 19.07145 19.07145 19.07145 19.07145 19.07145 19.07145 19.07145 19.07145 19.07145 19.07145 19.07145 19.07145 19.07145 19.07145 18.96589 18.71268 18.31918 18.08518 18.08518
2672.483 2672.483 2672.483 3246.056 10197.61 12657.15 12657.15 10782.79 6970.557 3422.285 162.5518 141.907 37453.5 34661.77 141.907 141.907 141.907 165.3681 122.1664 119.2878 119.4184 143.7019 117.0244 31.01646 8.624818 88.61332 196.1615 324.6516 368.5311 368.5311 368.5311 473.6094 647.8298 647.8298 647.8298 647.8298 647.2361 579.5302 397.4524 186.4118 186.4118 186.4118 186.4118 157.6651 120.49 113.7714 112.7697 114.2323 114.2323 114.2323 101.4918 1388.511 1497.51 1373.583 1451.546 162.8702 108.8342 112.4799 114.2323 105.1356 54.50571 20.52205 19.46762 19.45568 19.45373 19.46762 18.79406 17.12917 18.54502 18.66407 18.53245 19.46762 19.46762 19.46762 19.46762 19.46762 19.46762 19.46762 19.46762 19.46762 19.46762 19.46762 19.46762 19.46762 19.46762 19.46762 19.46762 19.46762 19.46762 19.46762 19.46537 19.29355 78.7914 55.27916 111.8245 124.4826
2726.664 2726.664 2726.664 2726.664 2728.066 5366.609 4714.688 343.6523 239.435 239.435 229.8517 221.5374 160.043 144.7842 144.7842 144.7842 144.7842 154.0416 223.5469 310.7611 266.7302 254.4781 257.011 206.5125 235.6407 376.0027 376.0027 376.0027 376.0027 376.0027 376.0027 430.435 550.1298 111340.9 660.9638 660.9638 660.9638 660.9638 597.0349 223.4612 115.3098 116.2325 120.0185 112.8744 111.781 111.781 112.6084 116.2294 116.5484 116.5484 116.5484 213.4676 730.2902 957.4697 320.3987 105.0633 115.9178 108.5287 40.8727 34.31733 19.86234 19.86234 19.86234 19.86234 19.86234 19.86234 19.86234 19.86234 19.42736 19.86234 19.86234 19.86234 19.86234 19.86234 19.86234 19.86234 19.86234 19.86234 19.86234 19.86234 19.86234 19.86234 19.86234 19.86234 19.86234 19.86234 19.86234 19.86234 19.86234 19.86234 19.86234 19.86234 232.5786 444.096 444.096 444.096
2780.641 2780.641 2780.641 2688.804 1742.926 867.989 244.1745 244.1745 244.1745 244.1745 226.4928 244.1745 244.001 217.7875 178.6901 147.6501 147.6501 147.6501 158.4756 282.8416 369.5986 383.4462 383.4462 383.4462 38570.38 18267.17 383.4462 383.4462 383.4462 383.4462 416.0453 547.777 641.0328 674.0482 674.0482 674.0482 674.0482 674.0482 671.2627 437.3393 136.5217 113.9939 113.9939 113.9939 113.9939 113.9939 113.9939 115.8093 117.2228 118.8379 118.8555 118.8555 118.8555 118.8555 118.8555 107.1184 108.9885 57.1664 19.75245 19.8095 20.17739 20.25555 19.80683 20.25555 20.25555 20.25555 20.25555 20.25555 20.25555 20.25555 20.25555 20.25555 20.25555 20.25555 20.25555 20.25555 20.25555 20.25555 20.25555 20.25555 20.25555 20.25555 20.25555 20.25555 20.25555 20.25555 20.25555 20.25555 20.25555 20.25555 20.25555 20.25555 50.37165 370.2139 452.8869 452.8869
2674.758 2832.564 2037.429 692.2343 382.5663 301.448 248.8955 248.8955 248.8955 248.8955 248.8955 248.8955 248.8955 248.8955 247.6546 216.8947 185.0362 150.5048 150.5048 150.5048 162.7393 345.6545 390.86 390.86 390.86 390.86 390.86 390.86 390.86 390.86 416.9042 576.4753 686.7576 687.0801 687.0801 687.0801 687.0801 687.0801 680.5 479.215 217.4568 116.1979 116.1979 116.1979 116.1979 116.1979 116.1979 116.1979 116.5958 121.0055 121.1535 121.1535 121.1535 121.1535 121.1535 108.0748 119.192 116.2489 72.95766 20.05241 20.41157 20.64715 20.0583 20.64715 20.64715 20.64715 20.64715 20.64715 20.64715 20.64715 20.64715 20.64715 20.64715 20.64715 20.64715 20.64715 20.64715 20.64715 20.64715 20.64715 20.64715 20.64715 20.64715 20.64715 20.64715 20.64715 20.64715 20.64715 20.64715 20.64715 20.64715 21.79665 160.5323 387.7755 461.6436 461.6436
524.7789 825.3308 405.998 405.998 405.998 295.0612 253.5975 253.5975 253.5975 253.5975 256.2349 259.005 253.041 253.5196 253.5975 253.5975 229.8804 153.9641 153.3483 153.3483 207.3807 398.244 398.244 398.244 398.244 398.244 398.244 398.244 398.244 398.244 442.7513 645.9391 700.0605 700.0605 700.0605 700.0605 700.0605 700.0605 700.0605 567.5728 118.3932 118.3932 118.3932 118.3932 118.3932 118.3932 118.3932 118.3932 118.4891 118.723 120.0792 121.0542 123.4422 123.4422 122.8657 109.3408 123.4422 123.4422 92.87873 67.0085 38.9944 23.24572 20.78897 21.03721 21.03721 21.03721 21.03721 21.03721 21.03721 21.03721 21.03721 21.03721 21.03721 21.03721 21.03721 21.03721 21.03721 21.03721 21.03721 21.03721 21.03721 21.03721 21.03721 21.03721 21.03721 21.03721 21.03721 21.03721 21.03721 21.03721 21.03721 152.2821 455.1765 470.3542 470.3651 470.3651
413.4952 413.4952 413.4952 413.4952 413.4952 413.4829 399.5724 336.7231 360.8498 386.6153 409.6654 354.321 237.3642 258.489 258.3544 258.3192 257.3987 248.7841 242.5163 237.2769 260.088 362.9536 405.5977 405.5977 405.5977 405.5977 405.5977 405.5977 475.7309 673.4716 712.6756 712.9872 712.9872 712.9872 712.9872 712.9872 712.9872 704.9595 658.0855 228.9001 112.0298 111.5851 120.4913 120.5793 120.5793 120.5793 120.5793 120.5793 120.5793 120.5793 120.5793 121.4609 125.7217 125.7217 124.5711 113.0793 125.7217 125.7217 125.7217 125.7217 125.7217 117.089 92.55665 82.24375 20.95482 20.96814 20.8636 20.96961 20.9929 20.9755 21.0391 21.30344 21.42567 21.42567 21.42567 21.42567 20.84183 21.00286 21.05911 20.76352 20.87855 20.95087 21.01784 21.42567 21.42567 21.42567 21.42567 21.42567 21.42567 21.42567 21.42567 37.24199 72.47198 70.99812 207.5802 250.4841
